0.562917 183
0.000094 84
0.005844 182
0.000019 7
0.000032 8
0.481575 1
0.107451 3
0.205024 1
0.102396 1
0.802763 7
0.000040 11
0.000868 18
0.040931 170
0.000844 506
0.000671 464
0.496346 183
0.000160 252
0.006033 192
1.020988 1100
0.008722 185
0.466649 182
0.005996 196
0.198388 255
0.205064 1229
0.020932 188
0.001446 185
0.139419 1229
0.157276 1229
0.139933 1229
0.162199 1229
0.145777 1229
0.163870 1229
0.156014 1229
0.166772 1229
0.266399 185
0.000286 187
0.234343 255
1.848609 255
0.309638 763
0.941629 1
0.139255 3
0.062571 1
0.551432 254
0.456853 1
0.138984 1
0.165555 2
0.581051 1
0.121551 1
0.231477 13
0.308140 255
0.291289 3
0.000226 10
0.001346 252
0.000512 434
0.015840 193
0.000132 8
0.687128 1
0.081578 3
0.148786 1
0.348796 1
0.226557 1
0.191248 10
0.001141 252
0.002952 133
0.000471 181
0.000084 252
0.006999 201
0.744482 1
0.244908 3
0.215309 1
0.179985 1
0.082185 1
0.055475 1
0.128754 1
0.285234 1
0.066856 255
0.457246 1
0.198940 1
0.144489 1
0.259438 1
0.116018 1
0.169547 1
0.094242 1
0.120070 1
0.200801 1
0.158269 1
0.085539 255
0.026811 1
0.084669 1
0.141254 1
0.159460 1
0.640377 10
0.000967 253
0.709239 70
0.241991 253
0.119617 66
1.200465 13
0.683131 256
0.526042 17
0.605136 17
0.493219 4
0.000046 13
0.380071 256
1.167345 4
0.057440 76
0.134117 77
0.646099 253
2.003836 253
0.078428 269
0.393345 78
0.882521 83
0.195146 88
0.000372 38
0.000086 43
0.058049 53
0.064838 61
0.174743 73
0.097797 47
0.058664 253
0.244746 91
0.006996 2
0.162734 51
0.000065 81
0.000069 88
1.591667 253
2.002376 253
2.003871 253
2.002994 253
2.002720 253
2.001911 253
2.005345 253
2.003430 253
1.236625 95
0.767709 253
2.004013 253
2.004212 253
1.397343 90
0.607301 253
0.280727 67
0.038805 65
1.684838 253
2.003773 253
0.547987 66
0.004562 95
1.452571 253
2.003596 253
1.105312 108
0.003069 222
0.043429 107
0.000245 98
0.000276 132
0.000236 218
0.000197 378
0.000215 354
0.007362 1895
0.000140 116
0.000185 117
0.000306 126
0.000348 67
0.000327 98
0.004103 102
0.003467 138
0.001651 123
0.001179 95
0.000916 101
0.000308 96
0.000317 102
0.001346 96
0.000546 94
0.000391 100
0.001084 102
0.000923 103
0.001318 106
0.002589 100
0.001979 105
0.001299 137
0.001320 135
0.001077 103
0.000969 104
0.002667 140
0.001045 126
0.001510 113
0.000969 101
0.000864 102
0.002058 106
0.001478 106
0.002284 102
0.002058 102
0.001206 104
0.000223 101
0.001438 108
0.001771 67
0.000272 104
0.000309 135
0.011626 126
0.000291 100
0.002468 107
0.000957 103
0.002036 134
0.002021 127
0.002888 109
0.000897 67
0.000270 112
0.000236 105
0.003933 125
0.001164 129
0.001177 104
0.002319 67
0.000294 104
0.001371 103
0.261721 72
0.121296 53
0.008414 1771
0.370069 253
0.302943 94
0.186110 141
0.152080 134
0.398490 176
0.000427 105
0.964939 253
0.410768 143
1.592343 253
2.004857 253
2.003634 253
0.156960 115
1.846952 253
2.004373 253
1.976862 95
0.023443 253
0.095184 104
1.644013 194
0.048991 102
0.043940 332
0.152465 63
0.019403 253
0.020075 62
0.275323 64
0.000903 57
0.163739 79
0.074301 122
0.550177 122
0.030236 122
0.020391 122
0.033331 122
0.033601 122
0.017443 122
0.011950 122
0.240561 122
0.018610 122
0.011679 122
0.072209 122
0.024832 122
0.014752 122
0.014251 122
0.019082 122
0.014680 122
0.019471 122
0.031153 122
0.022791 122
0.029551 122
0.023520 122
0.020054 122
0.019486 122
0.018368 122
0.034529 122
0.052442 122
0.024750 122
0.046464 256
1.192872 122
0.655607 122
0.155400 256
0.244934 122
0.212324 122
0.090935 122
0.030930 122
0.026044 122
1.098964 122
0.299712 256
2.005247 256
2.003814 256
1.676099 122
0.327979 256
2.004578 256
2.005082 256
2.002342 256
2.004636 256
2.003819 256
2.004684 256
0.756755 122
1.247702 256
2.003598 256
2.004602 256
0.342373 537
1.072632 1
0.169610 3
0.124702 1
0.105385 1
0.097352 1
0.091547 256
0.022008 1
0.063079 122
0.046244 1
0.003848 122
0.045127 122
0.048851 122
0.029917 122
0.007528 122
0.008808 122
0.003563 122
0.007969 122
0.005546 122
0.004685 122
0.008063 122
0.008361 122
0.006122 122
0.007218 122
0.005762 122
0.009242 122
0.005871 122
0.006037 122
0.005397 122
0.005744 122
0.007491 122
0.004903 122
0.005176 122
0.006142 122
0.006026 122
0.032333 122
0.006750 122
0.005423 122
0.005059 122
0.029921 122
0.005474 122
0.005998 122
0.006421 122
0.005525 122
0.005406 122
0.004744 122
0.005082 122
0.005240 122
0.005652 122
0.006211 122
0.005934 122
0.005490 122
0.000733 122
0.000671 122
0.109835 1876
0.000138 48
0.047783 155
0.258517 1
0.142137 1
0.135522 1
0.521971 87
0.061613 1
0.168281 95
0.016540 256
0.013039 1
0.256744 1
0.149617 1
0.071396 1
0.069954 121
0.088148 1
0.074573 45
0.003668 50
0.001612 72
0.008677 19
0.008160 17
0.012509 20
0.007676 32
0.006490 75
0.021693 79
0.223623 1
0.167746 1
0.144883 1
0.380092 72
0.106056 122
0.187561 256
0.117806 3
0.500105 3
0.033353 3
0.032966 3
0.033019 3
0.032604 3
0.033141 3
0.033247 3
0.032470 1
0.033400 3
0.032564 3
0.033387 3
0.032789 3
0.033204 3
0.032448 3
0.033364 3
0.032720 3
0.033524 5
0.032982 3
0.824319 255
2.002447 255
2.002634 255
2.004146 255
2.003737 255
2.004854 255
2.003566 255
2.004742 255
2.004105 255
2.004116 255
2.003512 255
2.004654 255
2.004682 255
1.598021 75
0.405692 255
0.996089 89
1.008850 255
0.055230 97
0.000619 90
1.233046 107
0.141359 116
0.574120 255
1.949458 87
0.000038 81
0.000099 88
0.054112 255
0.387345 96
0.000347 129
1.616416 255
0.108937 99
0.562010 82
0.277841 100
0.034264 113
0.000990 99
0.000476 101
0.000601 102
0.235962 93
0.000518 100
0.000332 128
0.001769 140
0.001776 174
0.001571 132
0.000603 136
0.003154 100
0.000258 138
0.000218 156
0.001086 162
0.001000 181
0.001015 100
0.000179 160
0.000328 184
0.000946 140
0.000249 133
0.000342 100
0.000308 137
0.175061 105
0.091425 110
0.001080 1818
0.063312 126
0.217899 193
0.160938 128
0.057290 255
0.228930 249
0.005472 96
0.006584 95
0.046706 97
0.000315 90
0.067946 150
0.014041 169
0.009962 169
0.012583 169
0.049497 169
0.037261 169
0.040886 169
0.014381 169
0.010160 169
0.013048 169
0.005333 169
0.006205 169
0.005429 169
0.006090 169
0.003180 169
0.006235 169
0.002947 169
0.006713 169
0.071622 1034
0.116704 100
0.033503 1298
0.108736 100
0.035370 113
1.038137 255
2.005191 255
2.003772 255
0.856314 260
1.148170 255
2.003722 255
2.002620 255
2.002641 255
2.002781 255
1.900376 105
0.103604 255
0.147162 321
0.159409 781
0.010451 222
0.030017 1294
0.000173 171
0.002811 355
0.001983 275
0.000213 133
0.000496 318
0.002889 287
0.011267 1152
0.142363 105
0.096950 110
0.004007 2214
0.000039 1061
1.395072 255
0.079994 205
0.000647 140
1.923416 255
2.003804 255
2.003889 255
2.003900 255
2.004859 255
2.004002 255
2.004407 255
0.254310 249
0.002730 133
0.042276 406
0.003812 96
0.052344 95
0.092059 134
0.131886 150
0.115423 169
0.032094 169
0.012093 169
0.015436 169
0.067114 169
0.018173 169
0.044084 169
0.205445 169
0.044832 169
0.328098 169
0.053159 169
0.044476 169
0.058885 169
0.020101 169
0.148354 169
0.041525 169
0.024346 169
0.150523 255
0.016610 169
0.093381 169
0.025741 169
1.868387 255
2.004168 255
0.454757 169
0.122356 169
0.042912 169
0.003333 169
0.006666 169
0.004709 169
0.006863 169
0.005637 169
0.006709 169
0.005113 169
0.003515 169
0.005361 169
0.007035 169
0.006114 169
0.005999 169
0.005850 169
0.006455 169
0.008445 169
0.005264 169
0.005634 169
0.006059 169
0.005820 169
0.006158 169
0.007029 169
0.005308 169
0.078997 2481
0.000176 80
0.248867 116
0.013607 212
0.394580 169
0.008920 169
0.509902 255
0.027129 86
0.018561 169
0.073207 144
0.019544 169
0.056102 214
0.008698 218
0.015008 169
0.224885 151
0.017097 169
0.055933 160
0.014261 169
1.475007 255
2.002962 255
2.004541 255
2.003695 255
2.004096 255
2.004697 255
2.003649 255
2.004707 255
2.002256 255
2.002807 255
2.003717 255
2.003381 255
2.004738 255
2.003902 255
2.003861 255
2.004643 255
2.003977 255
2.003420 255
2.004747 255
2.003691 255
2.005000 255
2.003634 255
2.004539 255
2.003568 255
2.004531 255
2.003724 255
2.004545 255
2.003507 255
2.004317 255
2.004589 255
2.003569 255
2.004673 255
2.004549 255
2.003631 255
2.002399 255
2.002453 255
2.003537 255
2.004455 255
2.004115 255
2.003548 255
2.004570 255
2.004417 255
2.003841 255
2.004537 255
2.003953 255
2.003521 255
2.004410 255
2.004537 255
2.004257 255
2.003547 255
2.003860 255
2.004572 255
2.004104 255
2.004059 255
2.004716 255
2.003398 255
2.004577 255
2.003598 255
2.004592 255
2.004521 255
2.003535 255
2.004862 255
2.003533 255
2.002282 255
0.160626 4095
0.000041 4095
0.000012 61
0.000061 4095
0.000012 44
0.000175 4095
0.000015 142
0.000822 4095
0.000017 4095
0.000009 61
0.000165 4095
0.000008 44
0.000176 4095
0.000012 44
0.000180 4095
0.000010 54
0.000226 4095
0.000008 307
0.039310 169
0.223176 148
0.015699 169
1.561971 255
2.004283 255
2.003681 255
2.003761 255
2.004894 255
2.003824 255
0.445352 242
1.558967 255
2.004379 255
2.003434 255
2.003849 255
2.004355 255
2.004965 255
1.485696 260
0.517868 255
2.003551 255
2.004280 255
2.005127 255
2.003915 255
2.003396 255
2.004154 255
2.004489 255
2.004533 255
2.004304 255
2.003413 255
0.290804 1538
1.715423 255
2.001986 255
2.004907 255
2.003555 255
2.004069 255
2.005982 255
2.002488 255
2.004150 255
2.003417 255
2.004979 255
1.491285 1554
0.511985 255
2.004386 255
2.004547 255
2.004063 255
2.003466 255
2.004176 255
2.004261 255
2.004809 255
2.003530 255
2.004465 255
1.244540 1576
0.759364 255
2.003473 255
2.004911 255
2.004045 255
2.004408 255
2.003431 255
2.004046 255
2.004181 255
2.004808 255
2.004214 255
0.484761 1565
1.518844 255
2.004380 255
2.004345 255
2.003556 255
2.003593 255
2.005067 255
2.004006 255
2.003937 255
2.003451 255
2.005075 255
0.754900 3675
1.245004 255
2.004594 255
2.003730 255
2.003365 255
2.005106 255
2.004300 255
2.003619 255
2.004283 255
2.004102 255
2.003875 255
2.003613 255
0.564535 1545
1.439944 255
2.003700 255
2.005012 255
2.003952 255
2.003098 255
2.005149 255
2.003469 255
2.004689 255
2.003822 255
2.004564 255
1.182731 1539
0.040593 169
0.780713 255
2.003568 255
0.647066 1366
0.019693 169
1.339086 255
2.002117 255
2.004479 255
2.003803 255
2.004516 255
0.638421 4095
0.000044 1350
0.018345 169
1.347095 255
2.004558 255
0.009487 3402
0.017707 169
1.976429 255
0.195987 1356
0.017537 169
1.791148 255
2.003920 255
1.678394 4095
0.000057 1176
0.019684 169
0.041536 161
0.000244 169
0.073355 144
0.018391 169
0.069710 216
0.004210 214
0.004563 210
0.009296 216
0.018842 169
0.065446 255
0.286577 4027
0.018712 173
0.274546 112
0.017319 169
0.253597 142
0.015957 170
1.138772 255
2.002564 255
2.002664 255
0.324560 1
0.198313 3
0.134428 1
0.622585 1
0.197692 1
0.091442 1
0.218128 1
0.110300 1
0.104986 256
0.043818 1
0.171116 1
0.587839 345
0.017268 170
0.012490 1
0.099978 1
0.131362 1
0.161594 1
0.020398 282
0.000179 211
0.019783 170
0.091736 1
0.113720 1
0.061701 311
0.015988 170
0.018262 1
0.056778 145
0.021064 170
0.026842 1
0.030198 154
0.020807 170
0.057050 161
0.019686 170
0.203559 256
0.066512 1
0.095261 1
0.217002 1
0.389495 1029
0.020535 170
0.096853 1
0.167473 1
0.134572 1
0.121265 1
0.172904 1
0.226790 1
0.142947 1
0.153249 256
0.489346 1
0.247062 1
0.141375 1
0.075331 1
0.172377 1
0.062832 1
0.177838 1
0.154914 1
0.174089 1
0.191409 1
0.117506 256
0.585898 3
0.500397 3
0.032525 3
0.033403 3
0.033957 3
0.034194 3
0.033102 3
0.032083 3
0.033784 3
0.033083 1
0.032784 3
0.032882 3
0.033234 1
0.033626 3
0.033353 3
0.033862 3
0.033302 1
0.032743 3
0.033135 3
0.033535 3
0.033094 1
0.032849 3
0.032765 3
0.033443 3
0.032720 1
0.033163 3
0.033774 3
0.032722 3
0.027561 904
0.000200 374
0.005729 1
0.012751 170
0.007406 256
0.012835 3
0.032739 3
0.033173 3
0.033234 3
0.032279 3
0.012994 745
0.020413 1
0.001661 169
0.031882 3
0.033140 5
0.032979 3
1.727221 255
2.004441 255
2.004211 255
2.003417 255
2.004856 255
2.003900 255
0.085925 1
0.064299 3
0.280949 1
0.267306 1
0.240427 1
0.230311 1
0.458059 1
0.204824 1
0.171876 256
0.015890 1
0.127535 1
0.107635 1
0.099561 1
0.065193 1
0.088649 1
0.137462 1
0.758628 1
0.071578 1
0.207395 1
0.083426 1
0.133629 1
0.107846 256
0.072421 1
0.207524 1
0.069482 1
0.328755 1
0.471154 1
0.198370 1
0.142932 1
0.513531 256
1.127779 1
0.237795 1
0.165304 1
0.473266 256
0.226991 1
1.776855 256
0.558804 1
0.150702 1
0.115322 1
0.152284 1
0.257651 1
0.236875 1
0.531962 256
0.006907 3
0.265614 1
0.238861 1
0.172280 1
0.048370 1
0.112312 1
0.110166 1
0.210180 1
0.080897 1
0.235347 1
0.203600 1
0.253889 1
0.065301 256
0.171430 1
0.712674 3
0.499961 3
0.032952 3
0.033460 1
0.033327 3
0.033221 3
0.033366 1
0.033277 3
0.033669 3
0.033448 3
0.033495 3
0.032779 3
0.033209 3
0.033428 1
0.033266 3
0.033381 3
0.033333 3
0.033093 1
0.032982 3
0.033507 3
0.021321 256
0.011461 3
0.033040 3
0.032379 3
0.033064 3
0.033029 1
0.033136 3
0.033071 3
0.033554 3
0.032078 3
0.033356 3
0.032862 1
0.033712 3
0.033181 3
0.033171 1
0.033370 3
0.032917 3
0.033261 3
0.032990 3
0.032286 3
0.033252 3
0.033339 1
0.033245 3
0.033468 3
0.033556 3
0.032122 3
0.033817 1
0.033337 5
0.032946 3
1.099560 255
2.003352 255
2.004513 255
2.004632 255
2.003454 255
2.004477 255
2.003505 255
2.004469 255
0.845412 4095
0.000044 3339
0.018379 169
0.274674 279
0.022173 169
0.424205 474
0.015749 169
0.403032 255
2.005013 255
2.004163 255
2.003279 255
0.011835 4095
0.000036 3083
0.016409 169
1.976289 255
2.003421 255
2.004795 255
2.004169 255
1.002914 4095
0.000039 4095
0.000011 2551
0.016583 169
0.643804 4095
0.000042 266
0.018882 169
0.045417 161
0.000299 169
0.087668 153
0.018173 150
0.012124 153
0.025973 169
0.131541 255
2.004517 255
2.007814 255
2.001007 255
2.004022 255
0.752071 1
0.179737 3
0.215668 1
0.182572 1
0.098166 1
0.041183 1
0.150907 1
0.146360 1
0.176054 1
0.060989 256
0.093207 1
0.846629 1
0.628088 10
0.001537 253
0.418377 312
0.005586 182
0.000156 253
0.006885 221
2.008066 255
1.351349 666
0.019879 169
0.062270 1
0.142743 3
0.154195 1
0.004159 298
0.018215 169
0.117889 1
0.132733 255
0.022850 1
0.016411 547
0.224754 537
0.043948 170
0.042200 161
0.018536 170
0.731963 3
0.040019 1028
0.022171 169
0.437746 3
0.036622 3
0.032433 5
0.033140 3
0.301591 255
0.148830 1
0.143379 3
0.383341 1
0.480641 3
0.500016 5
0.033522 3
0.314287 255
0.404159 1
0.115800 3
0.198035 1
1.154804 1
0.118867 1
0.013038 256
0.275463 2
0.445802 1
0.107290 1
0.100498 1
0.162593 12
0.398674 3
0.000307 8
0.000028 2
0.001699 250
0.000481 431
0.019916 208
0.000021 8
0.434904 915
0.019269 169
0.036565 250
0.127389 745
0.019954 169
0.136821 1
0.107270 3
0.103130 1
0.088015 1
0.052231 254
0.022821 169
0.143491 276
0.020970 169
0.113705 3
0.155356 383
0.018945 169
0.324743 3
0.033282 5
0.032495 3
0.391665 3905
0.044026 169
0.067457 250
0.013589 1
0.154219 3
0.185329 1
0.169693 1
0.061326 1
0.055449 1
0.137459 1
0.163653 4095
0.000048 1397
0.021208 170
0.082872 1
0.087773 4095
0.000036 742
0.020674 170
0.019484 162
0.020818 170
0.081029 146
0.018067 170
0.056475 221
0.019307 170
0.056670 162
0.015303 170
0.019672 3
0.149882 1
0.150803 1
0.137662 1
0.105434 251
0.027243 1
1.064531 40
0.001792 250
0.910542 250
0.648476 273
1.356335 251
2.003827 251
2.003635 251
0.889603 1
0.126335 1
0.114183 1
0.096958 1
0.137099 1
0.096536 1
0.544710 251
0.233038 4
0.501433 4
0.033204 4
0.034668 4
0.034187 4
0.032601 4
0.489835 68
0.644226 256
0.152287 1
0.107368 1
0.104516 1
0.091934 1
0.046778 1
0.100367 1
1.400385 256
2.004764 256
2.003675 256
2.004781 256
0.432561 2292
0.021765 170
0.041062 162
0.001953 170
0.076074 146
0.021005 170
0.057085 217
0.017954 170
0.050078 160
0.018870 170
0.180108 313
0.018242 170
0.019384 162
0.018917 170
0.061171 142
0.020841 170
0.071089 154
0.013138 152
0.007290 157
0.023104 178
0.186567 325
0.018227 170
0.158502 962
0.126966 216
0.128583 229
0.121843 233
0.090520 256
0.039905 227
0.122277 235
0.127388 235
0.017253 170
0.077753 2533
0.106855 1093
0.136764 1171
0.164169 1183
0.241098 1165
0.157490 1189
0.156307 1189
0.024908 170
0.631925 256
2.004628 256
2.003734 256
1.633966 396
0.042719 4095
0.000035 4095
0.000013 81
0.000116 4095
0.000016 45
0.000070 4095
0.000025 145
0.000643 4095
0.000027 4095
0.000030 83
0.000107 4095
0.000027 45
0.000087 4095
0.000015 142
0.000434 4095
0.000017 56
0.000227 4095
0.000019 4095
0.000011 70
0.000091 4095
0.000009 45
0.000013 79
0.000005 21
0.000520 4095
0.000069 4095
0.000011 62
0.000094 4095
0.000017 4095
0.000009 92
0.000222 170
0.324898 256
0.321232 532
0.000271 388
0.042181 170
1.640282 256
2.003609 256
0.699637 245
0.022926 170
1.282551 256
2.003925 256
0.744312 257
0.021168 170
1.238832 256
2.003958 256
2.003502 256
2.004728 256
2.003505 256
2.004569 256
2.003485 256
2.004564 256
2.003632 256
2.003765 256
2.004794 256
2.003499 256
2.004281 256
2.003705 256
2.002900 256
2.002343 256
0.305957 1
0.072670 1
0.409229 4
0.129276 4
0.102621 1
0.115673 1
0.083238 1
0.188997 2
0.078749 278
0.002568 279
0.515392 256
1.809855 1
0.159258 1
0.034425 256
0.063674 1
0.201559 1
0.134484 1
0.126742 1
0.138014 1
0.085786 1
0.269078 1
0.416160 1
0.163154 1
0.123658 1
0.195241 1
0.086391 256
0.440794 1
0.207129 1
0.300468 1
0.163571 1
0.169998 1
0.130063 1
0.149211 1
0.442919 256
0.047644 4
0.499743 4
0.033132 4
0.032957 4
0.033355 4
0.033234 4
0.032905 4
0.032335 4
0.033459 4
0.033643 4
0.032296 4
0.033354 4
0.033381 4
0.034588 4
0.034689 4
0.032971 4
0.032776 4
0.033035 4
0.032529 4
0.032710 4
0.859583 256
2.004105 256
1.225361 1
0.094746 1
0.174378 1
0.509882 256
0.155109 4
0.145738 4
0.164708 4
0.311290 1
0.149022 1
0.101178 1
0.149395 1
0.186479 1
0.092514 1
0.122982 1
0.099758 1
0.041369 1
0.168925 1
0.114480 256
0.059496 1
0.452498 1
0.092888 1
0.104091 1
0.088959 1
0.160522 1
0.062953 1
0.120895 1
0.114070 1
0.079032 1
0.210423 1
0.308603 4
0.151847 256
0.348038 4
0.033158 4
0.032644 4
0.033668 4
0.033540 4
0.033808 4
0.033536 4
0.032537 4
0.033482 4
0.033543 4
0.033109 4
0.033043 4
0.033318 4
0.037153 4
0.028779 4
0.034066 4
0.033953 4
0.033284 4
0.033084 4
0.033371 4
1.020851 256
2.004522 256
1.149599 1
0.192222 1
0.152731 1
0.386086 3054
0.017663 170
0.021456 1
0.084645 256
0.170530 1
0.634253 1
0.710899 1
0.488728 256
0.218615 4
0.195761 4
0.392973 426
0.019741 170
0.312675 4
0.160626 4
0.460146 1
0.242605 256
0.081074 1
0.402853 4
0.251946 4
0.922193 1
0.226321 1
0.119844 256
0.016162 1
0.541343 1
0.202699 1
0.240481 4
0.915148 1
0.088718 256
0.101910 1
0.912221 968
0.032412 170
0.007409 4
0.193491 4
0.045095 3184
0.026950 170
0.684569 256
0.648317 1
0.171969 1
0.124999 8
0.641041 1
0.291059 1
0.126824 256
0.098507 9
0.749414 2
0.003695 279
1.151767 256
2.004422 256
2.003584 256
2.004451 256
2.004909 256
2.003204 256
2.003732 256
2.004041 256
2.004757 256
2.004341 256
2.003921 256
2.003628 256
2.004463 256
2.004138 256
2.003387 256
1.723115 31
0.281503 256
0.774412 1
0.207646 1
0.102256 1
0.163055 1
0.174215 1
0.340142 1
0.118509 1
0.099162 1
0.025232 256
0.063382 1
0.098214 1
0.123593 1
0.107673 1
0.614522 1
0.112631 1
0.107545 1
0.178956 1
0.134446 1
0.098274 1
0.364001 256
0.144964 1
1.410554 118
0.449421 256
0.192093 1
0.189759 1
0.369629 1
0.161452 1
1.089806 256
2.004829 256
2.003980 256
2.005285 256
2.002486 256
2.004313 256
2.004350 256
2.004168 256
2.002388 256
2.001888 256
2.003383 256
2.004550 256
1.742754 2
0.261471 253
1.147403 89
0.038201 279
0.818344 256
2.003687 256
2.004859 256
0.415333 54
0.441076 43
1.148079 256
2.003704 256
0.406297 3382
0.018623 170
0.255550 494
0.017941 170
0.251210 486
0.019642 170
0.380821 490
0.018543 170
0.263904 494
0.019182 170
0.351965 256
2.003478 256
2.004762 256
0.593038 5
1.410465 256
0.030317 3
0.227555 3
0.283959 5
0.148061 5
0.461996 5
0.242831 5
0.089496 5
0.109356 5
0.411038 256
1.166605 2
0.005799 279
0.810486 35
0.021604 256
0.124837 59
0.439942 2
1.341014 89
0.039154 279
2.063271 256
0.358075 1
0.100456 1
0.104013 1
0.450196 1
0.990503 256
0.488995 1
0.290067 1
0.132454 1
0.400480 1
0.637085 4
0.055644 256
0.443639 4
0.034559 4
0.032651 4
0.033252 4
0.033148 4
0.032458 4
0.033745 4
1.360510 256
2.003380 256
2.005520 256
2.002785 256
2.004571 256
2.004225 256
2.003428 256
2.004416 256
2.004177 256
2.004040 256
1.795422 455
1.243151 281
0.771280 69
0.197788 256
0.016241 44
0.651343 34
0.170188 59
0.177563 45
0.478967 59
0.510343 256
0.210242 122
0.411448 2
1.383028 253
0.301755 23
1.703509 256
0.418233 1
0.174640 1
0.196577 1
0.164644 1
0.748256 1
0.187639 1
0.111964 256
0.013939 1
0.184372 1
0.175367 1
0.136316 1
0.363642 4
0.499082 4
0.034194 4
0.036702 4
0.033181 4
0.033139 4
0.033249 4
0.033486 4
0.033361 4
0.032143 4
0.362881 256
2.003355 256
2.003503 256
2.005260 256
2.002678 256
2.004622 256
2.004529 256
0.233936 1
0.202453 1
0.185555 1
0.425847 4
0.154258 4
0.142267 4
0.659353 256
2.004803 256
2.002953 256
2.004717 256
2.003685 256
2.005059 256
1.643306 33
0.359965 256
0.766038 2
1.237787 253
0.610000 486
0.043358 274
1.351191 251
2.003582 251
2.003962 251
2.002362 251
0.126406 2369
0.021464 170
0.139668 136
0.018393 170
0.048977 159
0.025117 170
0.253558 487
0.020018 170
0.294054 489
0.015303 170
0.243722 493
0.016595 170
0.252924 496
0.019139 170
0.507659 251
2.003947 251
2.003320 251
2.003953 251
2.004203 251
2.003559 251
2.004677 251
2.003204 251
2.004612 251
2.004311 251
1.690594 1
0.111357 1
0.177617 1
0.025183 251
0.226370 1
0.222563 1
0.429310 4
0.292391 1
0.104223 1
0.142232 1
0.154449 1
0.098695 1
0.098798 1
0.234849 251
0.126414 4
0.499861 4
0.033137 4
0.033606 4
0.033454 4
0.033935 4
0.034035 4
0.032100 4
0.033319 4
0.034386 4
1.110464 251
2.002951 251
2.003403 251
2.004635 251
2.004568 251
1.712028 26
0.292313 251
2.003410 251
0.305942 32
1.545088 320
0.066428 274
2.090325 251
0.836969 251
0.379362 610
0.788570 251
0.112970 508
1.755291 785
1.165686 326
0.207688 167
0.216455 386
0.183817 123
0.177849 142
0.247767 95
0.177468 92
0.157579 323
0.155637 140
0.160855 152
0.123030 148
0.500417 359
0.032322 87
0.033465 85
0.032822 83
0.033927 107
1.039468 251
0.305663 211
0.145449 4095
0.000085 369
0.874593 668
0.727832 1
0.182359 1
0.140991 1
0.126065 1
0.356658 1
0.224038 1
0.150999 1
0.041908 1
0.187945 1
0.041318 251
0.039755 1
0.154683 1
0.096560 1
0.088639 1
0.181087 1
0.264933 1
0.077714 1
0.163296 1
0.401005 4
0.500884 4
0.033460 4
0.001440 251
0.032646 4
0.033304 4
0.035713 4
0.032652 4
0.031165 4
0.032810 4
0.035067 4
0.031731 4
0.032056 4
0.035384 4
0.031336 4
0.033054 4
0.033728 4
0.032157 4
1.050524 26
0.491033 251
1.208201 32
0.796242 250
0.811287 320
0.062081 274
1.129551 251
0.826739 26
1.121380 32
0.056594 250
1.675440 320
0.072525 274
1.398547 251
0.324952 840
0.549271 509
1.150751 786
0.817675 327
0.273179 401
0.499366 154
0.035713 124
0.033746 143
0.034175 96
0.033374 93
0.182019 91
0.500541 374
0.032986 153
0.033566 149
0.033974 127
0.033556 88
0.032512 86
0.033858 84
0.033244 108
0.463158 251
0.385931 7
0.500079 7
0.033145 7
0.032406 8
0.033709 256
0.034014 8
0.033624 8
0.032614 7
0.033149 8
0.033386 121
0.032314 163
0.033987 149
0.032185 179
0.033835 193
0.035415 119
0.033029 154
0.033087 175
0.032694 170
0.033032 115
0.033060 133
0.033280 112
0.033147 160
0.033278 112
0.033190 114
0.033503 116
0.033532 145
0.033822 177
0.035574 181
0.033508 169
0.033871 119
0.034224 121
0.034473 123
0.033037 165
0.204032 256
0.500312 8
0.034513 7
0.032928 8
0.034217 8
0.033362 8
0.032208 8
0.033455 7
0.033958 7
0.033088 85
0.032848 143
0.032826 85
0.033415 339
0.033142 89
0.033142 145
0.036430 150
0.033300 129
0.032684 94
0.032977 168
0.034365 154
0.033290 124
0.032573 143
0.033239 96
0.033524 93
0.033657 91
0.033459 141
0.033006 153
0.032593 149
0.034927 127
0.033970 88
0.032649 86
0.033934 84
0.033864 108
2.085571 251
2.003264 251
2.004469 251
2.003760 251
2.004808 251
2.004054 251
2.004164 251
2.003451 251
2.004386 251
2.003736 251
1.068206 250
0.936233 255
0.353647 668
0.366279 26
0.957437 32
0.326755 250
1.148489 319
0.062732 274
1.354366 251
0.481410 609
0.960754 251
0.024406 477
1.184986 251
0.431800 8
0.500440 8
0.037344 256
0.032135 8
0.033567 8
0.033488 8
0.033449 8
0.033118 7
0.032965 119
0.033045 156
0.033852 167
0.033865 121
0.033125 122
0.456773 155
0.238760 426
0.185043 121
0.163984 122
0.160389 157
0.156033 178
0.161587 121
0.157757 370
0.157589 156
0.154831 174
0.165621 121
0.172509 137
0.171866 177
0.168416 429
0.156570 116
0.176486 117
0.185031 145
0.186551 177
0.385529 256
0.499793 7
0.035566 7
0.032590 8
0.033326 8
0.124683 8
0.516959 256
0.186310 8
0.440396 8
0.190193 256
0.165537 8
0.156834 8
0.157864 8
0.155280 95
0.158615 94
0.157779 384
0.176815 135
0.180608 95
0.176681 94
0.191930 151
0.212969 366
0.612809 95
0.473271 327
0.223037 140
0.179912 135
0.180760 94
0.189760 92
0.183757 362
0.186938 94
0.163942 177
0.166166 152
0.167002 124
0.170414 143
0.192443 329
0.156976 93
0.182256 91
0.174957 141
0.171573 153
0.163291 147
0.177430 361
0.151041 88
0.153923 86
0.162072 84
0.171714 108
0.335805 251
0.984475 251
0.927873 667
0.506602 1
0.081119 1
0.160311 1
0.089632 1
0.119402 1
0.312000 4
0.500551 4
0.035688 4
0.033574 4
0.033039 4
0.941388 251
2.003946 251
2.004624 251
2.003629 251
2.004631 251
2.003077 251
2.005030 251
2.003043 251
2.004668 251
2.003433 251
2.005377 251
0.864264 28
0.867255 32
0.271730 250
1.755028 459
0.000900 960
0.000422 427
0.000584 530
0.000624 1002
0.064579 274
1.054738 251
0.766896 941
1.485422 250
0.517007 7
0.499722 255
0.032832 8
0.033492 8
0.033673 8
0.033256 8
0.033278 8
0.033198 8
0.033155 160
0.034190 158
0.032323 168
0.032148 117
0.033785 119
0.033687 155
0.031955 193
0.033601 119
0.032543 120
0.033413 155
0.036012 174
0.033235 121
0.032052 122
0.154050 157
0.668696 418
1.626154 369
0.501191 122
0.036432 155
0.032679 195
0.033346 121
0.033243 137
0.033296 181
0.033451 116
0.033478 117
0.033359 164
0.033295 176
0.260799 435
1.069335 415
0.397669 169
0.214565 181
0.205006 410
0.304492 160
0.120892 170
0.162131 119
0.195738 121
0.170631 403
0.175906 204
0.499273 121
0.033514 122
0.032957 156
0.032733 174
0.033955 121
0.032445 122
0.032879 157
0.033106 204
0.033681 121
0.033740 370
0.032134 157
0.032648 177
0.033745 121
0.033711 137
0.033289 181
0.032730 116
0.033267 117
0.034273 164
0.033103 175
0.034033 187
0.033362 167
0.033111 169
0.034111 181
0.031394 162
0.033097 160
0.033423 170
0.033417 119
0.032838 121
0.032822 157
0.032940 196
0.034709 121
0.033593 122
0.033079 155
0.032688 196
0.033029 121
0.033659 122
0.033313 157
0.033067 170
0.033407 121
0.033068 370
0.033189 156
0.032529 174
0.273578 121
0.501013 137
0.032790 181
0.033133 116
0.034131 117
0.033756 164
0.034289 426
0.031816 178
0.033374 166
0.033073 169
0.033335 172
0.032662 162
0.033508 159
0.032155 170
0.033365 181
0.033394 116
0.033172 117
0.033293 164
0.032354 176
0.034381 187
0.034766 168
0.032046 171
0.033024 183
0.033680 164
0.033459 162
0.033762 172
0.033783 121
0.033394 123
0.033308 158
0.033018 176
0.033079 123
0.033775 124
0.032588 159
0.033272 172
0.033466 123
0.032776 124
0.033870 405
0.033170 197
0.031498 123
0.033465 124
0.033721 159
0.034090 197
0.033021 123
0.032934 139
0.033027 183
0.032916 118
0.035247 119
0.033909 166
0.033552 180
0.032937 180
0.032895 168
0.032913 171
0.032750 174
0.033249 164
0.032938 161
0.033212 172
0.033434 183
0.033389 118
0.033203 119
0.034537 166
0.033861 178
0.033744 189
0.032631 169
0.033845 171
0.032484 183
0.033344 164
0.033768 410
0.032924 172
0.032631 121
0.032922 123
0.033335 157
0.033458 199
0.033351 123
0.033251 124
0.326089 159
0.423846 420
0.333817 123
0.304190 124
0.208666 158
0.173904 424
0.174687 123
0.148864 124
0.150010 159
0.166598 199
0.163187 123
0.162953 139
0.177879 431
0.177229 118
2.573350 255
0.478231 4095
0.000065 419
0.751732 4095
0.000062 473
1.497923 255
1.324175 255
0.291273 255
1.091047 255
0.497151 4095
0.000059 419
0.750846 4095
0.000079 473
0.670486 255
0.944040 4095
0.027175 435
0.724347 4095
0.000075 473
0.631473 256
0.499215 256
0.036568 8
0.032888 8
0.032644 8
0.033275 8
0.033223 8
0.033469 8
0.033423 8
0.033365 96
0.033371 95
0.033744 144
0.032655 136
0.033497 96
0.033461 95
0.033102 171
0.034159 134
0.032261 95
0.033953 93
0.034168 144
0.034108 134
0.033573 136
0.032266 155
0.084873 8
0.500744 256
0.035203 8
0.033378 7
0.033556 8
0.033835 8
0.032641 8
0.035072 8
0.032117 8
0.215373 8
0.499718 256
0.034335 8
0.033865 8
0.031984 7
0.033161 8
0.033041 8
0.033171 8
0.033121 8
0.034595 143
0.032350 141
0.033654 161
0.033727 150
0.033523 148
0.034153 91
0.037039 90
0.033684 155
0.033380 144
0.033173 133
0.033767 136
0.190753 251
0.500470 8
0.037031 8
0.034102 7
0.032986 7
0.032256 8
0.034218 8
0.033301 8
0.033304 8
0.033379 171
0.033187 183
0.035263 164
0.032980 410
0.033023 172
0.032444 121
0.033965 123
0.033853 157
0.032620 199
0.032952 123
0.033136 124
0.033250 159
0.033951 172
0.033281 123
0.034251 124
0.036561 158
0.032897 176
0.033600 123
0.033361 124
0.033393 159
0.033349 199
0.032633 123
0.032934 139
0.033184 183
0.033293 118
0.033315 119
0.033759 166
0.032800 178
0.033641 189
0.033278 169
0.034307 171
0.032408 183
0.033267 164
0.032936 410
0.033649 172
0.033744 121
0.034117 123
0.031703 157
0.033003 206
0.033567 123
0.032475 124
0.032637 159
0.034708 206
0.031370 123
0.150938 124
0.500344 158
0.032673 424
0.032404 123
0.032733 124
0.035633 159
0.032234 179
0.033277 123
0.033187 139
0.033826 183
0.148734 118
0.500803 119
0.033756 166
0.036379 178
0.033170 437
0.032865 169
0.032757 171
0.032969 183
0.032865 164
0.032931 162
0.032938 172
0.032902 121
0.033504 123
0.958183 255
0.500338 8
0.033986 8
0.033781 8
0.032702 8
0.033539 8
0.032528 8
0.033523 8
0.034197 8
0.033416 148
0.033284 324
0.031899 90
0.032888 155
0.033100 111
0.032821 95
0.290535 8
0.499825 8
0.033657 7
0.034236 255
0.033564 8
0.033041 8
0.033455 8
0.032774 8
0.033245 8
0.033286 183
0.032627 164
0.032844 162
0.035174 172
0.033527 121
0.033387 123
0.033524 157
0.033323 197
0.033635 123
0.033694 124
0.033192 159
0.032759 197
0.034032 123
0.032444 124
0.033128 159
0.032539 172
0.032556 123
0.033037 124
0.032556 158
0.033750 176
0.033094 123
0.033361 139
0.033439 183
0.033857 118
0.231035 367
0.500848 166
0.034262 177
0.033684 189
0.032954 169
0.033087 171
0.032767 183
0.033158 164
0.032440 162
0.033348 172
0.022747 256
0.010620 121
0.191952 123
0.500141 159
0.035754 198
0.033135 123
0.033245 124
0.033418 158
0.033346 176
0.032199 123
0.179275 372
0.500973 157
0.033637 198
0.032719 123
0.353999 256
0.385716 124
0.437348 159
0.264279 420
0.184831 123
0.177719 139
0.499649 183
0.032958 118
0.021994 255
0.011650 119
0.032085 166
0.033558 177
0.033217 189
0.032962 169
0.032973 171
0.033564 183
0.032790 164
0.032536 162
0.033669 172
0.033277 121
0.033515 123
0.034527 158
0.032980 176
0.031708 123
0.033572 124
0.167305 159
0.500351 446
0.034179 123
0.032787 124
0.033031 157
0.033797 198
0.032771 123
0.033806 124
0.033235 159
0.033421 172
0.033764 123
0.033237 139
0.032266 183
0.461973 256
0.104385 118
0.500415 119
0.035782 166
0.032627 178
0.033113 189
0.032479 169
0.033533 171
0.033497 183
0.032227 164
0.033203 162
0.034170 172
0.034258 121
0.032576 123
0.033362 407
0.033618 172
0.034744 123
0.033121 124
0.033511 158
0.033993 176
0.032617 123
0.291760 124
0.499825 405
0.032744 199
0.033185 123
0.034096 124
0.031762 159
0.033537 199
0.033471 123
0.032752 139
0.033334 183
0.032159 118
0.033609 119
0.033213 166
0.937735 428
0.438445 180
0.267917 256
2.004279 256
2.004447 256
0.682499 1
0.500330 256
0.033983 7
0.032750 7
0.033399 8
0.034044 8
0.034748 8
0.033682 8
0.032226 8
0.033365 96
0.033728 95
0.032845 171
0.032919 134
0.034511 96
0.031632 95
0.033023 148
0.032880 135
0.032698 96
0.033704 95
0.034073 144
0.033786 136
0.033807 95
0.033388 93
0.032813 144
0.033617 134
0.033220 369
0.032501 155
0.263086 143
0.501304 141
0.034437 161
0.033295 150
0.035202 148
0.032691 91
0.033352 90
0.032354 388
0.033229 111
0.032428 95
0.032748 144
0.033580 136
0.292365 96
0.182256 95
0.175851 170
0.157470 134
0.086781 251
2.003416 251
2.004041 251
2.004782 251
2.003529 251
2.003950 251
1.796985 799
0.207041 251
0.931891 33
1.071633 251
0.480534 101
0.769131 2
0.755858 253
1.318846 449
0.069260 274
0.615170 251
1.283043 939
0.720344 251
0.311113 7
0.501019 7
0.032786 7
0.033930 8
0.033327 8
0.033166 256
0.033541 8
0.033286 8
0.033456 8
0.032378 117
0.033034 119
0.033842 165
0.032504 195
0.262753 196
0.316368 178
0.205846 367
0.499787 150
0.035760 114
0.033107 139
0.033559 112
0.033264 168
0.033252 168
0.033404 112
0.451575 256
0.501310 1
0.036868 7
0.032287 8
0.032791 7
0.032926 8
0.033592 8
0.032372 8
0.034273 8
0.032722 170
0.033119 145
0.032839 327
0.034315 92
0.032525 153
0.035161 111
0.033699 141
0.032806 160
0.032634 159
0.212722 155
0.500395 88
0.037376 86
0.035557 317
0.032319 108
1.043802 251
2.002799 251
0.388005 4095
0.000050 4095
0.000012 62
0.000058 4095
0.000010 45
0.000155 4095
0.000023 145
0.000692 4095
0.000021 4095
0.000012 83
0.000278 4095
0.000021 4095
0.000025 169
0.000355 2086
0.000218 4095
0.000018 4095
0.000010 70
0.000045 4095
0.008524 4095
0.000042 4095
0.000011 4095
0.002146 4095
0.000018 4095
0.000009 1680
0.230955 503
0.043494 170
0.118897 136
0.019806 170
0.048958 567
0.007643 156
0.031592 170
0.030042 463
0.017945 170
0.240586 485
0.018708 170
0.240592 486
0.017012 170
0.236794 490
0.017828 170
0.258526 493
0.018682 170
0.004476 251
1.994703 1
0.009439 251
0.180466 1
0.087509 1
0.367122 1
0.209688 1
0.179515 1
0.195248 1
0.784853 251
1.199040 1
0.462348 1
0.149398 1
0.106716 1
0.082471 251
0.135984 1
0.133016 1
0.089583 1
0.100453 1
0.099091 1
0.651012 4
0.500441 4
0.033554 4
0.032456 4
0.033664 4
0.033973 4
0.031923 4
0.033122 4
0.033458 4
0.033158 4
0.029688 251
0.003744 4
0.033295 4
0.032900 4
0.033415 4
0.033445 4
0.032134 4
1.834632 251
2.003349 251
2.004448 251
2.004601 251
2.003832 251
2.004000 251
2.004061 251
2.003591 251
0.298767 30
1.707201 251
2.002385 251
2.004573 251
2.003666 251
2.004870 251
2.003166 251
2.003710 251
2.004538 251
2.003553 251
2.004503 251
2.004829 251
2.002930 251
1.191665 32
0.813191 250
0.817171 79
0.068619 274
1.118572 251
0.488414 1
0.169380 1
0.163722 1
0.139839 1
0.196534 1
0.061901 1
0.159006 1
0.326482 4
0.297711 251
0.203858 4
0.032757 4
0.033153 4
0.033380 4
0.033292 4
0.033239 4
1.636457 251
2.002396 251
2.004253 251
2.003624 251
2.004813 251
2.004010 251
2.003395 251
2.004134 251
2.005225 251
2.003487 251
0.473884 30
0.412886 32
1.116996 250
0.779296 597
0.000340 484
0.000026 300
0.056496 274
1.167975 251
0.543030 560
0.953346 250
0.500679 255
0.033764 7
0.033114 8
0.033759 8
0.032536 8
0.033688 7
0.032850 8
0.033538 8
0.033086 122
0.033639 123
0.033392 157
0.033488 173
0.032819 123
0.036684 139
0.033859 178
0.032923 180
0.034934 174
0.030711 176
0.032425 124
0.032993 125
0.033916 127
0.033475 188
0.234155 442
0.736507 176
0.339014 256
0.161194 180
0.035301 144
0.033410 183
0.033909 125
0.033392 126
0.032817 127
0.033817 188
0.033059 194
0.178868 176
0.500458 428
0.035458 144
0.033296 182
0.032573 125
0.033418 156
0.032708 172
0.032596 124
0.032975 176
0.033519 170
0.269363 175
0.258426 394
0.500244 166
0.036018 124
0.032914 125
0.032733 127
0.033386 169
0.032610 220
0.032805 187
0.033385 152
0.032902 195
0.032392 188
0.032995 182
0.033591 156
0.033138 376
0.033815 129
0.033824 183
0.722806 183
0.447150 256
0.052366 129
0.033776 147
0.033565 128
0.033040 188
0.034031 205
0.033454 176
0.224275 165
0.499486 428
0.034075 151
0.033284 202
0.032777 128
0.033423 129
0.033484 131
0.209037 173
0.498723 472
0.034966 191
0.033928 156
0.033555 166
0.034096 192
0.032423 206
0.032146 129
0.033446 159
0.033375 202
0.033200 174
0.033572 189
0.034852 170
0.337629 190
0.423285 423
0.184631 125
0.164616 154
0.202018 179
0.169673 191
0.188886 418
0.180377 124
0.256660 125
0.283976 179
0.621840 427
0.499072 125
0.034904 151
0.033349 428
0.035157 198
0.031709 187
0.033322 161
0.033119 188
0.033279 180
0.150396 124
0.500551 153
0.033978 160
0.033576 149
0.264604 435
0.499979 153
0.036125 186
0.032612 190
0.033317 195
0.210495 166
0.285643 256
0.213542 126
0.035185 163
0.032783 156
0.032653 144
0.034002 216
0.168787 126
1.486664 256
0.059801 402
1.944829 251
1.777640 1
0.212707 1
0.013459 251
0.184000 1
0.236418 1
0.430816 4
0.177052 4
0.157072 4
0.090260 1
0.139373 1
0.502803 1
0.085497 251
0.052287 1
0.462162 4
0.500750 4
0.035557 4
0.033416 4
0.032962 4
0.887732 251
2.004065 251
2.003635 251
2.003973 251
2.004532 251
2.003652 251
2.004828 251
2.003707 251
2.003424 251
2.004616 251
2.003883 251
2.003796 251
0.883782 4095
0.000057 37
0.000086 2224
0.031324 170
0.287787 499
0.017888 170
0.152467 136
0.018667 170
0.060881 160
0.031227 170
0.050917 463
0.043516 170
0.278386 489
0.023289 170
0.123639 251
0.209496 491
0.039674 170
0.386555 494
0.019426 170
0.262272 498
0.021486 170
1.066592 251
2.003552 251
2.003667 251
2.003746 251
2.003502 251
2.005218 251
2.003795 251
2.002523 251
0.015016 1
0.220723 1
0.141496 1
0.324138 1
0.222235 1
0.084129 1
0.188934 1
0.047303 1
0.180430 1
0.100079 1
0.103439 1
0.191561 1
0.180010 1
0.001473 251
0.107990 1
0.108981 1
0.110693 1
0.199491 1
0.139831 1
0.106945 1
0.361456 1
0.636752 1
0.232683 251
0.092838 1
0.230676 1
0.081026 1
0.165592 1
0.192432 1
1.019699 1
0.140541 1
0.080702 251
0.025579 1
0.143192 1
0.101372 1
0.282538 1
0.814517 1
0.095575 1
0.349163 1
0.191905 251
0.059054 1
0.262650 1
0.165636 1
0.267469 1
0.261825 1
0.573757 1
0.146542 1
0.177590 1
0.089671 251
0.432642 1
0.129914 1
0.078515 1
0.092522 1
0.204996 1
1.066040 251
0.277927 1
0.179948 1
0.176024 1
0.146766 1
0.532850 4
0.146491 4
0.147713 4
0.111416 1
0.206056 1
0.079073 251
0.042580 1
0.297901 1
0.404789 1
0.655112 1
0.300544 1
0.148570 1
0.083107 1
0.070418 251
1.198876 1
0.304058 1
0.111554 1
0.266658 1
0.123899 251
0.352660 1
0.200698 1
0.140737 1
0.097974 1
0.101697 1
0.220742 1
0.098115 1
0.131413 1
0.073092 1
0.147283 1
0.439414 251
0.150850 4
0.500333 4
0.032137 4
0.032952 4
0.032265 4
0.033542 4
0.033317 4
0.035086 4
0.033611 4
0.033155 4
0.033023 4
0.032917 4
0.033223 4
0.032394 4
0.033258 4
0.033026 4
0.033899 4
0.034248 4
0.032882 4
0.032547 4
0.031687 4
0.033129 4
0.033753 4
0.034610 4
0.039064 4
0.032694 4
0.034993 4
0.031670 4
0.035918 4
0.032121 4
0.033366 4
0.034852 4
0.031625 4
0.035411 4
0.030806 4
0.033688 4
0.038546 4
0.027676 4
0.035285 4
0.033328 4
0.033309 4
0.035737 4
0.011891 251
0.019250 4
0.033296 4
0.033063 4
0.034760 4
0.031643 4
0.032522 4
0.033144 4
0.033595 4
0.033895 4
0.033752 4
0.035518 4
0.032783 4
0.034435 4
0.031293 4
0.033609 4
0.032232 4
0.033423 4
0.033907 4
0.033497 4
0.033515 4
0.033512 4
0.033405 4
0.032850 4
0.035322 4
0.033444 4
0.031857 4
0.036175 4
0.032082 4
0.033594 4
0.032885 4
1.016768 251
2.003030 251
0.171981 48
0.961612 116
0.399271 2
0.471411 253
1.589780 53
0.032492 279
1.349980 1
0.164127 1
0.124937 1
0.077065 1
0.146095 1
0.069698 1
0.137149 1
0.315806 256
0.248959 4
0.500607 4
0.035030 4
0.033954 4
0.033574 4
0.032971 4
0.032735 4
1.087306 256
2.003358 256
0.889451 48
1.114532 256
2.004684 256
2.003923 256
2.004336 256
2.003590 256
2.004404 256
2.003851 256
2.003391 256
2.004674 256
2.003565 256
2.004473 256
2.004378 256
2.004192 256
2.003752 256
2.004197 256
2.003648 256
2.004458 256
0.666380 2
1.339102 253
0.062962 53
0.043404 23
1.521667 1
0.147551 1
0.144205 1
0.082790 256
2.003932 256
0.158876 4
0.500130 4
0.032601 4
1.313299 256
0.617017 1
0.881797 1
0.504127 256
0.442055 1
0.936373 1
0.625954 256
0.297727 1
0.934611 1
0.771474 256
0.159276 1
0.910785 1
0.905556 1
0.028845 256
0.950350 1
1.010652 1
0.042749 256
0.860069 1
1.004023 1
0.140446 256
0.803146 278
0.254976 48
0.572701 32
0.373469 250
1.699842 645
0.000092 327
0.011001 274
1.973024 1
0.323231 251
0.125313 1
0.841746 4
0.419724 4
0.618164 251
0.485304 825
0.879715 663
0.637868 251
0.484796 1109
0.440158 745
0.471669 618
0.608361 251
0.381034 547
0.495773 796
0.348841 574
0.319608 1058
2.462269 251
2.004345 251
2.003930 251
2.004196 251
2.003814 251
2.004736 251
0.484182 343
0.329799 94
0.169484 162
0.194932 162
0.193422 141
0.151714 403
0.164211 133
0.245897 95
0.321678 94
0.343250 395
0.227628 162
0.196932 141
0.220435 170
0.169740 368
0.192677 95
1.545890 327
0.860097 251
0.320928 162
0.459065 395
0.295408 141
0.223842 140
0.297344 380
0.227674 95
2.183260 251
0.722561 327
0.289753 162
0.629669 395
0.292747 142
0.231510 140
0.256121 368
0.160874 94
0.231134 92
0.155559 122
0.190624 125
0.156531 168
0.177006 665
0.378370 48
0.238389 35
0.444970 24
0.662132 21
0.794461 251
0.100362 32
1.903920 250
1.066086 629
0.000469 537
0.000766 1181
0.000127 300
0.055289 274
0.880668 251
0.501068 251
0.467829 560
0.586863 250
0.500421 7
0.033231 7
0.032232 8
0.033436 8
0.032569 8
0.033086 7
0.033230 8
0.032480 8
0.033471 124
0.033338 373
0.033266 159
0.033669 175
0.034388 125
0.032493 141
0.033560 180
0.033356 182
0.173151 176
0.500935 178
0.032900 126
0.033991 127
0.034063 129
0.033736 438
0.032315 196
0.033963 178
0.032586 181
0.033673 146
0.033339 185
0.032142 127
0.033728 128
0.033797 129
0.034168 190
0.221558 196
0.498903 426
0.035249 181
0.032763 146
0.033300 184
0.032989 127
0.033534 158
0.033248 174
0.033289 126
0.033368 178
0.033344 172
0.033427 177
0.032686 148
0.032965 168
0.032378 126
0.228769 127
0.649437 377
0.499951 171
0.033153 222
0.032603 189
0.033603 154
0.033014 197
0.032673 438
0.032950 184
0.033320 158
0.033906 130
0.744330 131
0.424042 433
0.499872 185
0.032261 131
0.032687 149
0.034010 130
0.032650 190
0.033359 207
0.032625 178
0.033618 415
0.195934 181
0.499668 153
0.036845 204
0.034232 130
0.033554 131
0.033201 133
0.034092 175
0.033147 226
0.136584 441
0.500346 158
0.033501 168
0.033877 194
0.033613 208
0.167349 131
0.459967 409
1.400715 256
0.342096 632
1.388910 1
0.187567 1
0.084592 251
0.006124 1
0.129702 1
0.188230 1
0.057086 1
0.166518 1
0.584872 4
0.499322 4
0.034528 4
0.032366 4
0.032933 4
0.033659 4
0.033568 4
0.202233 251
1.697006 4095
0.000052 4095
0.000031 62
0.000114 4095
0.000017 45
0.000102 4095
0.000024 145
0.000614 4095
0.000018 4095
0.000011 62
0.000091 4095
0.000013 45
0.000149 4095
0.000022 66
0.000006 79
0.000540 4095
0.000018 4095
0.000010 62
0.000092 4095
0.011839 4095
0.000104 190
0.033646 4095
0.000071 4095
0.000016 62
0.000238 4095
0.000035 4095
0.000014 190
0.001231 4095
0.000055 4095
0.000017 62
0.000134 4095
0.000032 45
0.000212 3631
0.000036 21
0.000479 170
0.255836 251
0.171988 504
0.040347 170
0.133778 136
0.022358 170
0.062799 160
0.034689 170
0.031907 372
0.029923 170
0.030242 463
0.030040 170
0.025026 409
0.021936 170
0.027038 575
0.020253 170
0.272714 489
0.019921 170
0.309583 491
0.020257 170
0.253455 493
0.020772 170
0.255021 498
0.034265 170
0.135532 251
0.196164 502
0.020339 170
1.788330 251
2.004453 251
2.003525 251
2.004122 251
2.003791 251
1.303698 37
0.700641 251
0.197032 105
0.199250 2
1.608645 253
0.471882 498
0.000474 405
0.043814 274
1.082817 251
0.837945 251
0.338852 1
0.825369 4
0.405909 251
0.669496 915
1.334823 251
0.119071 840
0.164526 1292
0.175888 1006
0.195198 997
0.233123 911
0.350595 865
0.472242 1031
0.902630 1107
0.676073 1045
0.804486 856
0.591667 1022
1.327103 250
0.043786 90
1.560886 250
0.501307 8
0.035493 7
0.032933 8
0.033053 9
0.032348 8
0.033546 256
0.033199 8
0.033538 8
0.032822 152
0.033027 180
0.032968 155
0.033634 179
0.035043 325
0.033301 208
0.034082 212
0.033942 118
0.033042 146
0.566612 114
0.383157 256
0.499787 7
0.033472 8
0.034592 8
0.032417 19
0.033124 8
0.032731 8
0.032493 256
0.033334 8
0.034661 159
0.032781 113
0.031959 95
0.033629 209
0.250351 230
0.500085 95
0.033577 93
0.033986 368
0.031780 91
0.034311 90
0.033243 182
0.032729 169
0.524372 281
0.406090 412
0.207732 127
0.180683 152
0.499918 124
0.034210 392
0.035566 113
0.033848 95
0.033762 189
0.187469 231
0.474820 95
0.224327 93
0.942863 367
0.499371 324
0.036859 90
0.032863 187
0.033638 169
0.032049 281
0.032831 175
0.033263 127
0.033428 152
0.152312 124
0.406310 392
0.499624 113
0.033162 95
0.033382 194
0.034172 236
0.033494 95
0.033007 93
0.201782 367
0.499465 91
0.035549 90
0.033977 184
0.032749 169
0.032351 281
0.177609 172
0.499452 360
0.033063 152
0.032537 124
0.032835 159
0.033831 113
0.034433 95
0.171890 191
0.499744 466
0.034376 95
0.037997 93
0.032138 135
0.033308 91
0.033489 90
0.033476 182
0.161845 169
0.500388 529
0.034678 170
0.033407 127
0.033777 152
0.032887 124
0.031976 159
0.033616 113
0.032992 95
0.032829 192
0.237385 234
0.424699 328
0.500877 93
0.035436 134
0.032342 91
0.033467 90
0.032873 187
0.032798 169
0.033374 281
0.033171 175
0.156793 127
0.499755 385
0.033083 124
0.034368 159
0.033392 113
0.032949 94
0.033317 193
0.034449 235
0.032161 94
0.168720 92
0.558925 366
0.500696 89
0.036236 87
0.033065 85
0.032647 109
0.033028 251
1.235770 250
0.334721 7
0.381369 513
0.335034 37
0.435966 33
1.034654 251
0.006977 32
1.855382 1146
0.000724 664
0.000535 516
0.000277 321
0.061328 274
0.522946 251
0.523726 560
1.036065 251
0.186693 501
0.260894 857
0.158856 620
0.299467 647
0.288540 606
0.810696 251
0.076580 612
1.140796 907
1.831931 400
0.500390 334
0.034577 99
0.033172 98
0.033112 151
0.033255 150
0.180078 156
0.196124 154
0.173220 348
0.161490 99
0.165241 149
0.155856 138
0.160171 99
0.500520 331
0.033369 134
0.929160 855
0.302658 595
0.406245 642
0.967314 251
0.632510 828
0.928623 887
1.592246 919
0.854416 251
0.243713 902
0.579314 714
1.182727 251
1.406275 251
0.499717 8
0.037402 8
0.032354 8
0.032221 8
0.032868 3
0.033295 8
0.033413 8
0.033003 8
0.033545 161
0.033342 452
0.033396 176
0.035134 191
0.036521 172
0.032304 192
0.033458 177
0.034204 127
0.032119 156
0.250126 181
0.496627 441
0.348282 172
0.202704 126
0.147218 127
0.215363 181
0.500335 429
0.034281 127
0.034077 153
0.032812 182
0.033103 200
0.034214 189
0.033436 163
0.031617 190
0.032908 182
0.034517 126
0.142474 155
0.397804 410
0.218072 151
0.499583 189
0.032782 403
0.033259 188
0.033163 192
0.033185 197
0.033096 168
0.033366 128
0.149925 165
0.499400 159
0.036060 146
0.033773 218
0.033457 128
0.032923 167
0.033470 399
0.208952 125
0.374339 146
0.609412 368
1.044187 369
0.383162 7
0.385382 255
0.500879 167
0.032193 145
0.033917 182
0.032664 191
0.033418 123
0.033509 125
0.033319 155
0.033335 128
0.032753 129
0.033382 165
0.164935 205
0.391689 377
0.264083 130
0.745081 256
1.474146 256
1.977118 638
1.053112 68
0.977727 256
2.004361 256
2.004358 256
2.003978 256
2.003519 256
1.243899 25
0.517859 2
0.242598 253
1.267187 138
0.047954 279
2.692865 256
2.003837 256
2.004468 256
0.393817 25
0.536816 2
1.074745 253
1.063384 108
0.044782 274
2.373758 25
0.525092 251
0.871835 1
0.168481 1
0.147814 1
0.815308 251
2.003879 251
2.004516 251
2.003986 251
2.004194 251
2.003347 251
2.004811 251
1.580808 316
1.844052 33
0.500770 32
0.082420 250
1.850643 235
0.052387 274
1.855095 251
0.642408 674
0.694176 507
0.568093 434
0.330916 521
0.673039 830
1.350893 251
1.408144 511
0.282113 33
0.949247 1
0.284936 1
0.097475 1
0.555062 104
0.183074 2
0.246675 253
1.355832 247
0.036924 274
2.615800 251
0.257994 251
1.366889 766
0.798764 595
0.351541 624
0.297276 958
0.319230 619
0.532572 750
1.491431 326
0.193773 159
0.183421 164
0.164036 150
0.514397 251
0.298040 8
0.166982 7
0.183276 256
0.167729 8
0.177698 8
2.554229 256
2.004046 256
0.636642 365
1.368129 251
2.003436 251
2.003482 251
2.005191 251
2.003537 251
2.003833 251
2.003931 251
0.219845 81
0.816043 32
0.968516 250
0.858083 82
0.042734 23
0.992672 81
0.110639 252
1.371278 32
0.632602 250
0.845110 82
0.045096 23
1.114674 251
0.034428 81
0.510475 32
1.458960 250
0.008971 82
0.040323 23
1.101774 81
0.368764 32
0.483289 250
0.975856 82
0.033996 274
0.994362 251
2.003527 251
2.004435 251
2.004992 251
2.002922 251
2.004475 251
2.004649 251
2.002294 251
2.002233 251
2.001026 251
2.000852 251
1.998130 251
2.002552 251
2.000486 251
2.002291 251
1.998569 251
0.142275 81
0.614587 42
0.866866 7
0.376998 251
0.064806 29
0.659239 1
0.164836 1
0.157590 1
0.602955 8
0.141706 8
0.180337 8
0.032404 251
0.547598 8
0.215089 8
0.064290 8
0.187441 8
0.089202 8
0.103957 8
0.247319 8
0.289214 8
0.170652 8
0.084654 251
0.153740 8
1.846496 251
1.706277 251
0.292798 251
2.002540 251
0.607657 667
0.903610 385
0.488837 251
0.555319 85
1.041302 716
0.243436 22
0.160765 251
0.373489 30
0.364729 1
0.197676 1
0.155143 1
0.153946 1
0.375922 3
0.380976 251
0.237329 8
1.760471 251
2.001977 251
2.001135 251
2.000836 251
2.001142 251
0.244403 22
1.244930 316
0.250499 81
0.260583 252
1.208133 32
0.789071 250
0.840826 1089
0.038043 23
1.094201 251
0.373864 759
0.624650 1095
0.448103 813
0.581057 251
1.082191 1075
0.589997 797
0.329366 251
0.139359 45
0.341474 847
0.160223 813
0.208037 770
0.250592 968
0.362015 712
0.174738 800
0.361132 251
1.217858 809
0.393761 81
0.170973 42
0.216724 251
0.988910 7
0.326489 38
0.529806 1
0.156382 251
0.005998 1
0.160232 1
1.832462 251
1.875984 4095
0.000041 4095
0.000015 62
0.000225 4095
0.000021 45
0.000274 4095
0.000016 66
0.000054 79
0.000393 4095
0.000052 4095
0.000024 62
0.000150 4095
0.000036 45
0.000113 4095
0.000020 124
0.000007 21
0.040408 4095
0.000077 4095
0.000026 83
0.000208 4095
0.000033 1425
0.084491 251
0.218495 503
0.042091 170
0.041173 142
0.034603 170
0.070032 152
0.022405 170
0.038014 232
0.024614 170
0.047046 317
0.021477 170
1.438054 251
0.048864 8
0.173657 8
0.181973 8
0.182348 8
0.056230 8
0.155929 8
0.074768 8
0.115245 8
0.592847 8
0.293632 8
0.118938 8
0.004544 251
0.304624 8
0.661112 609
0.028404 170
0.332983 32
0.673296 250
1.215901 137
0.051088 274
0.733595 251
1.975381 50
0.024781 251
0.306628 1
0.499562 1
0.037086 1
0.033927 1
0.032862 1
0.032492 1
0.033461 1
0.033289 1
0.290548 1
0.196273 1
0.165873 1
0.135402 1
0.174043 1
0.028817 251
0.128840 1
0.179580 1
0.100455 1
0.154985 1
0.671316 3
0.560914 3
0.204639 251
0.491719 21
0.465179 32
1.041380 250
0.573253 171
0.036254 23
1.392523 251
0.152989 1
0.236807 1
0.349682 1
0.610441 4
0.169360 4
0.141296 4
0.341015 251
2.002157 251
1.645049 1
0.122092 1
0.067431 1
0.168700 251
0.194218 1
0.102686 1
0.207508 1
0.132380 1
0.136103 1
0.082321 1
0.127064 1
0.413196 1
0.080457 1
0.126236 1
0.127107 1
0.257128 1
0.012688 251
0.084878 1
0.165643 1
0.151326 1
0.074439 1
0.110044 1
0.077545 1
1.338114 251
0.188376 1
0.168474 1
0.145240 1
0.209902 1
0.189523 1
0.113649 1
0.095372 1
0.163109 1
0.205568 1
0.102715 1
0.163214 1
0.256996 251
0.424223 4
0.498253 4
0.033115 4
0.033808 4
0.032460 4
0.033538 4
0.032951 4
0.114847 4
0.159968 4
0.371552 1
0.128844 1
0.124123 1
0.012713 251
0.091185 1
0.110204 1
0.113335 1
0.156947 1
0.154971 1
0.091003 1
0.432102 1
0.239587 1
0.333708 1
0.276482 251
0.726464 1
0.112682 1
0.130844 1
0.183870 1
0.096877 1
0.610373 1
0.136519 251
0.038310 1
0.125009 1
0.130740 1
0.070091 1
0.117920 1
0.179435 1
0.135693 1
0.215502 1
0.232814 1
0.119701 1
0.062089 1
0.199190 1
0.376945 251
0.386520 4
0.095968 264
0.373031 1
0.244794 1
0.128050 1
0.198856 1
0.209328 1
0.095858 1
0.114434 1
0.113379 1
0.040707 251
0.060415 1
0.137606 1
0.086208 1
0.226009 1
0.140240 1
0.184146 1
0.092768 1
0.181075 1
0.172883 1
0.403939 1
0.111540 1
0.186678 1
0.017030 251
0.135361 1
0.244255 1
0.208498 1
0.273613 1
0.126024 1
0.523542 1
0.223047 1
0.193551 1
0.072903 252
0.775990 4
0.502007 4
0.032480 4
0.033430 4
0.033059 4
0.032654 4
0.032930 4
0.032572 4
0.034023 4
0.032124 4
0.033189 4
0.033828 4
0.035204 4
0.033211 4
0.034009 4
0.033048 4
0.037599 4
0.033161 4
0.032043 4
0.033940 4
0.033226 4
0.032940 4
0.033083 4
0.020539 251
0.012840 4
0.032848 4
0.032600 4
0.033776 4
0.033019 4
0.036297 4
0.033484 4
0.032283 4
0.033031 4
0.033063 4
0.033328 4
0.032526 4
0.033719 4
0.032463 4
0.034266 4
0.032300 4
0.033320 4
0.034969 4
0.033516 4
0.034801 4
0.031837 4
0.032234 4
0.033378 4
0.033934 4
0.033316 4
0.034936 4
0.033162 4
0.033048 4
0.031669 4
0.034931 4
0.032172 4
0.032750 4
0.033753 4
0.032444 4
0.032689 4
0.035049 4
0.031196 4
0.032746 4
0.033741 4
0.033015 4
0.033524 4
0.033858 4
0.035644 4
0.032666 4
0.031610 4
0.032831 4
0.035086 4
0.032865 4
0.031918 4
0.035174 4
0.031410 4
0.032536 4
0.034826 4
0.031232 4
0.033563 4
0.032940 4
0.036555 4
0.120302 251
2.003525 251
2.002390 251
2.002515 251
2.001726 251
1.927574 51
0.072479 251
0.230804 24
1.034381 4095
0.000067 4095
0.000078 248
0.180070 170
0.013714 82
0.033902 138
0.019761 171
0.056002 152
0.019424 171
0.029143 233
0.019017 171
0.033520 370
0.026327 171
0.304656 252
0.746138 570
0.021094 171
1.233974 252
1.471149 32
0.529043 250
1.536783 940
0.038504 274
0.424995 251
1.180385 3117
0.017359 170
0.096788 900
0.705171 251
0.259889 754
0.366834 736
0.342143 921
0.379236 829
0.201213 943
0.174297 813
0.206117 943
1.828415 1005
0.240552 251
0.115943 829
0.810739 1057
1.073399 251
0.182655 946
0.474677 827
0.510547 1021
0.833436 251
1.319397 363
0.499920 125
0.034930 98
0.034053 376
0.032507 147
0.032497 97
0.346868 96
0.500104 155
0.034154 93
0.033790 281
0.032676 417
0.033177 150
0.033128 113
0.033545 95
0.208618 183
0.508904 225
0.225213 328
0.202908 93
0.213830 142
0.257082 91
0.283680 323
0.234462 170
0.218317 170
0.198029 182
0.190809 143
0.179696 370
0.500732 159
0.035496 129
0.033255 124
0.032883 97
0.033527 141
0.033297 147
0.033325 97
0.033224 96
0.033947 155
0.033420 93
0.032898 281
0.151697 415
0.500282 150
0.033648 113
0.033774 95
0.036532 181
0.031903 223
0.193189 95
0.261060 251
0.239369 93
0.035618 142
0.033103 91
0.033114 90
0.033526 170
0.033606 170
0.033135 182
0.033420 143
0.033636 137
0.032364 159
0.033671 129
0.033388 124
0.033917 97
0.033220 141
0.033218 147
0.033589 97
0.035808 96
0.032779 155
0.262403 326
0.499986 281
0.033507 173
0.033604 150
0.034219 113
0.032718 95
0.033069 184
0.033148 226
0.033425 95
0.032178 93
0.034156 375
0.033060 91
0.033594 90
0.032603 172
0.032782 170
0.032997 182
0.033219 143
0.033147 137
0.341365 159
0.594105 362
0.542791 124
0.314356 330
0.247969 142
0.184465 147
0.499480 97
0.037842 96
0.032218 388
0.032576 93
0.033503 281
0.035222 175
0.031470 150
0.033343 113
0.033226 94
0.032340 179
0.148553 221
0.371278 94
0.245499 325
0.160634 141
0.173999 89
0.172811 87
0.162041 85
0.171914 109
0.177544 251
1.083819 251
0.399422 498
0.709597 251
0.807660 764
2.083754 253
1.998507 253
2.002508 253
2.002491 253
2.000423 253
1.998516 253
2.001695 253
2.002416 253
2.000741 253
2.000638 253
2.001273 253
2.002454 253
2.001474 253
2.002142 253
2.002425 253
2.002470 253
2.000659 253
2.000787 253
2.002496 253
2.001712 253
2.002562 253
2.002398 253
0.449726 1
0.994995 3
0.553383 253
0.233561 530
1.272185 1
0.104259 1
0.267590 1
0.120663 251
1.388033 1
0.254966 1
0.260752 1
0.096627 251
0.180764 1
0.617862 1
0.167828 1
0.052105 1
0.190285 1
0.793085 251
0.264596 1
0.178294 1
0.153355 1
0.059452 1
0.109893 1
0.116206 1
0.069157 1
0.208453 1
0.111586 1
0.062778 1
0.175904 1
0.489166 251
0.160382 1
0.683278 1
0.229765 1
0.083862 1
0.119839 1
0.166055 1
0.161545 1
0.214307 1
0.181288 251
0.143704 1
0.213014 1
0.729878 1
0.913508 251
0.232174 1
0.081445 1
0.173604 1
0.063354 1
0.137553 1
0.226383 1
1.085000 251
0.633956 1
0.504695 1
0.861248 251
0.325202 1
0.224909 1
0.529249 1
0.921627 251
0.861209 1
0.099563 1
0.883875 1
0.124336 1
0.028919 251
0.771240 4
0.282576 4
0.163164 4
0.498998 4
0.037808 4
0.031892 4
0.216497 251
0.155341 4
0.500424 4
0.033535 4
0.032490 4
0.032849 4
0.033311 4
0.033108 4
0.033314 4
0.033553 4
0.033185 4
0.033173 4
0.033471 4
0.033509 4
0.033288 4
0.033217 4
0.033581 4
0.035164 4
0.032467 4
0.033286 4
0.032955 4
0.032826 4
0.033056 4
0.033313 4
0.033317 4
0.033396 4
0.033346 4
0.032309 4
0.033085 4
0.032397 4
0.032914 4
0.034140 4
0.033545 4
0.032702 4
0.033774 4
0.034332 4
0.033593 4
0.033117 4
0.033360 4
0.033317 4
0.033252 4
0.033607 4
0.032832 4
0.012678 251
0.440969 1
0.120461 1
0.201220 1
0.246954 1
0.381636 1
0.131003 1
0.238054 1
0.084506 1
0.132413 1
0.020612 251
0.073394 1
0.627534 1
0.189961 1
0.081390 1
0.163622 1
0.145511 1
0.720813 251
0.078252 1
0.125594 1
0.211670 1
0.182921 1
0.348839 1
0.072287 1
0.140549 1
0.127996 1
0.400384 1
0.263147 1
0.048528 251
0.128130 1
0.156301 1
0.104930 1
0.111256 1
0.503231 1
0.940018 1
0.056705 251
0.124951 1
0.288521 4
0.499727 4
0.033219 4
0.032455 4
0.033859 4
0.033724 4
0.032652 4
0.033274 4
0.033432 4
0.033472 4
0.033381 4
0.032136 4
0.033290 4
0.032953 4
0.035107 4
0.033254 4
0.036587 4
0.032877 4
0.033525 4
0.032879 4
0.032919 4
0.032805 4
0.033133 4
0.033649 4
0.033873 4
0.032639 4
0.032368 4
0.033367 4
0.033657 4
0.033856 4
0.033215 4
0.033735 4
0.089653 251
0.426842 1
0.171166 1
0.204654 1
0.965317 1
0.229119 251
0.005232 1
0.131577 1
0.131978 1
0.341620 1
0.392536 1
0.118524 1
0.210241 1
0.357879 4
0.148988 4
0.153799 4
0.008622 251
0.373293 1
0.180765 1
0.225802 1
0.072564 1
0.104123 1
0.141139 1
0.088672 1
0.132433 1
0.150660 1
0.093169 1
0.182809 1
0.133601 1
0.049901 1
0.072510 251
0.086369 1
0.263361 1
0.520141 1
0.087035 1
0.310308 1
0.078073 1
0.652914 251
0.037536 4
0.256605 1
0.094317 1
1.087921 1
0.107464 1
0.416851 251
0.184527 1
0.506108 1
0.469272 1
0.108201 1
0.067555 1
0.664504 251
0.207538 1
1.776828 4
0.016371 251
0.483420 4
0.031917 4
0.034719 4
0.031749 4
0.031924 4
0.034148 4
0.032522 4
0.032057 4
0.033641 4
0.032771 4
0.033476 4
0.032196 4
0.034394 4
0.032761 4
0.033124 4
0.033013 4
0.033050 4
0.033087 4
0.032703 4
0.033721 4
0.034008 4
0.033632 4
0.032759 4
0.033735 4
0.032671 4
0.033902 4
0.032809 4
0.032886 4
0.032829 4
0.042038 4
0.024725 4
0.034128 4
0.033360 4
0.033393 4
0.033156 4
0.386740 251
0.076284 4095
0.000034 4095
0.000010 965
0.016250 170
0.159783 1
0.487494 1
0.119597 1
0.547417 1
0.273902 1
0.128027 1
0.192805 251
0.035069 1
0.090956 1
0.397842 1
0.413507 1
1.020217 1
0.040783 251
0.632864 4
0.497385 4
0.033614 4
0.036590 4
0.029155 4
0.032388 4
0.033981 4
0.033799 4
0.034996 4
0.033919 4
0.032479 4
0.571605 251
2.002640 251
2.002306 251
1.696082 29
0.171423 94
0.132824 251
0.018462 55
1.175375 66
0.808461 250
0.961359 247
0.035669 274
1.000554 251
0.229265 536
0.859065 595
0.389486 624
0.317669 715
0.204442 251
2.002495 251
2.000645 251
2.002438 251
1.721284 251
0.276571 251
0.492379 365
0.719364 1
0.144794 1
0.141667 1
0.150578 1
0.149004 1
0.117679 4095
0.000053 4095
0.000014 62
0.000104 4095
0.000018 45
0.000094 4095
0.000018 145
0.000302 1296
0.019619 170
0.010733 1
0.056467 251
0.073027 1
0.155287 1
0.098831 1
0.454662 1
0.377573 1
0.126424 1
0.712844 251
0.564296 53
0.964069 1
0.161159 1
0.164437 1
0.110231 1
0.036561 251
0.048915 1
0.100163 1
0.132222 1
0.421439 4
0.165897 4
0.483548 1
0.113214 1
0.532990 251
0.079574 1
0.274490 1
0.078786 1
0.146388 1
0.086068 1
0.129290 1
0.214419 1
0.109163 1
0.103848 1
0.165684 1
0.193022 1
0.420890 252
0.751653 1
0.290875 1
0.294096 1
0.653239 32
0.006482 272
0.004338 251
0.469540 244
0.000690 23
0.637674 4095
0.000033 350
0.018841 170
0.046881 145
0.017429 170
0.091235 163
0.005352 163
0.006553 159
0.005969 162
0.006418 160
0.006846 155
0.011191 157
0.019951 170
0.653334 251
0.377822 86
0.192106 1
0.499860 1
0.031871 1
0.036349 1
0.031848 1
0.032065 1
0.035974 1
0.140016 1
0.175385 1
0.448815 252
0.217294 3
0.794582 13
0.684555 32
0.019463 272
0.280798 251
0.207563 196
0.000589 100
0.000899 23
1.792664 251
1.431669 1
0.077619 1
0.103823 1
0.388895 251
0.683573 1
0.187151 1
0.214701 1
0.917685 251
0.066931 1
0.117469 1
0.118633 1
0.264390 1
0.085083 1
0.199954 1
0.194439 1
0.562127 1
0.211601 1
0.176702 251
0.015219 1
0.158594 1
0.190725 1
0.200374 1
0.104738 1
0.173129 1
0.122821 1
0.181810 1
0.301769 1
0.552913 251
0.199920 4
0.500759 4
0.032853 4
0.033557 4
0.033387 4
0.032513 4
0.033132 4
0.033007 4
0.032350 4
0.033691 4
0.032925 4
0.033807 4
0.034456 4
0.032930 4
0.032423 4
0.032753 4
0.033999 4
0.031952 4
0.033698 4
0.032091 4
0.033361 4
0.035205 4
0.033001 4
0.033218 4
0.569825 251
0.449856 1
0.214805 1
0.122115 1
0.205346 1
1.009218 251
1.425425 1
0.205923 1
0.197258 1
0.172865 251
1.405761 975
0.593266 251
1.131092 827
0.869736 251
0.329774 534
0.497310 253
0.486905 3556
0.685306 253
0.184738 4095
0.000062 802
1.770079 526
0.310705 278
0.168636 278
0.140649 278
0.317115 526
0.181105 278
0.166202 278
0.348097 278
0.412839 257
0.162651 269
0.951204 506
0.484690 3
0.153524 13
0.249069 257
1.998493 257
1.998205 257
2.002142 257
2.001097 257
1.997834 257
2.002457 257
2.002185 257
2.000922 257
2.001193 257
2.002238 257
2.001074 257
1.998149 257
2.000392 257
2.001485 257
2.000792 257
2.000563 257
2.002913 257
2.002507 257
2.002408 257
2.002558 257
1.997661 257
2.002357 257
1.996415 257
2.002691 257
2.000586 257
1.997199 257
2.002650 257
1.998466 257
2.002544 257
2.002166 257
2.002413 257
2.002282 257
1.997904 257
2.001715 257
0.436331 4095
0.000077 864
0.669421 277
0.596806 3455
0.296887 253
0.622399 4
1.035545 3
0.315731 3
0.024432 255
0.142306 5
1.858138 253
0.933644 253
0.304997 530
0.611120 4
0.148851 251
0.352028 4
0.035264 4
0.034707 4
0.033877 4
0.032414 4
0.033390 4
0.834590 87
0.645191 252
0.679546 32
0.004731 272
1.062588 79
0.252966 251
0.747749 79
1.002523 79
0.248709 251
0.446996 4095
0.000040 37
0.001211 4095
0.000023 2730
0.019598 170
0.157301 949
0.017772 170
0.110378 79
0.044733 190
0.022532 170
0.932729 79
0.248702 251
0.774021 79
0.685951 2
0.002381 305
0.536873 251
1.034701 1
0.179766 1
0.110248 1
0.190443 1
0.485111 251
1.631952 1
0.062891 1
0.304964 251
0.475266 1
0.230894 1
0.035432 1
0.073489 1
0.116481 1
0.095913 1
0.168377 1
0.162132 1
0.154632 1
0.226659 1
0.203197 1
0.056393 251
0.055635 1
0.176862 1
0.107874 1
0.180616 1
0.146966 1
0.149996 1
0.287514 1
0.143489 1
0.187378 1
0.196842 1
0.368826 251
0.182763 1
0.203571 1
0.211565 1
1.250822 4
0.148971 251
0.382069 1
0.948070 1
0.673688 251
0.155432 1
1.846336 251
0.117921 4
0.194064 4
0.619534 4
0.146843 4
0.500752 4
0.033175 4
0.032160 4
0.033467 4
0.033321 4
0.033552 4
0.033716 4
0.033029 4
0.033241 4
0.033399 4
0.033205 4
0.033316 4
0.033565 4
0.024770 251
0.008557 4
0.033415 4
0.032982 4
0.032866 4
0.033596 4
0.033334 4
0.033507 4
0.033491 4
0.033124 4
0.033688 4
0.033618 4
0.033211 4
0.033424 4
0.031952 4
0.032820 4
1.531608 251
0.034874 29
0.372860 100
0.160658 99
0.104012 15
1.329036 251
0.884465 154
0.762533 2
0.356638 253
1.354472 51
0.033949 279
0.612987 256
1.669708 29
0.329156 256
0.234621 94
0.182875 15
0.055465 70
0.153924 15
1.377902 256
0.332750 29
1.317849 47
0.034494 279
0.316850 256
2.000596 256
1.998442 256
0.143745 29
0.426576 64
0.207836 15
0.091609 15
0.179487 15
0.953435 256
0.029960 29
0.547937 15
0.552135 21
0.873503 256
0.141601 98
0.393167 2
1.468839 253
0.402251 138
0.039138 23
0.595449 1
0.300623 1
0.228644 1
0.221295 1
0.149015 1
0.064701 256
0.162860 1
0.111755 1
0.139299 1
0.226028 1
0.087974 1
0.138247 1
0.160508 1
0.140879 1
0.132313 1
0.701214 256
1.233726 4
0.499625 4
0.034848 4
0.031532 4
0.032852 4
0.033890 4
0.035385 4
0.032683 4
0.032431 4
0.032587 256
0.000947 4
0.032996 4
0.033384 4
0.033040 4
0.033743 4
0.668176 29
1.197837 256
1.243617 37
0.161951 101
0.593032 256
2.000649 256
0.199654 22
1.335638 283
0.465234 256
0.850491 29
0.875877 38
0.183051 15
0.040633 15
0.048462 256
0.121066 15
0.905996 47
0.499971 29
0.356918 15
0.116582 256
0.513043 21
0.493855 60
0.993459 256
2.002187 256
1.997863 256
2.002386 256
0.212854 29
1.789777 253
0.717241 23
1.281912 256
2.002502 256
2.002254 256
2.001169 256
2.001224 256
2.002408 256
1.136396 37
0.609002 2
0.252544 250
2.002481 250
0.278132 80
0.038100 23
0.624929 37
0.386726 60
0.518242 31
0.156809 251
0.783823 32
1.217783 250
0.386852 169
0.037481 23
1.578026 251
2.002276 251
2.002319 251
1.998348 251
2.002255 251
2.002233 251
2.001580 251
2.002433 251
2.001735 251
2.001445 251
0.936232 48
1.064882 251
0.244992 32
1.754256 250
1.254147 840
0.050378 274
0.697228 251
1.595187 1
0.279692 1
0.128511 251
0.020786 1
0.216214 1
0.174619 1
0.229474 1
0.122429 1
0.570675 4
0.154397 4
0.164329 4
0.344854 251
0.712817 1
0.197252 1
0.161099 1
0.049126 1
0.180359 1
0.059257 1
0.167658 1
0.324912 4
0.148679 251
0.350728 4
0.034155 4
0.034158 4
0.033620 4
0.032945 4
0.032713 4
0.034125 4
0.032733 4
0.033254 4
0.033431 4
1.206652 48
0.140741 251
2.002653 251
0.398030 32
1.605855 250
0.046565 840
0.043715 23
1.913574 251
1.378370 251
0.517568 795
0.692940 594
1.414116 251
0.176400 680
1.026415 971
0.797316 251
1.757617 958
1.926565 779
0.316722 251
0.069613 551
0.476683 582
1.037358 328
0.417474 251
0.125824 163
0.233882 163
0.569372 375
0.226294 171
0.214569 136
0.228445 96
0.235162 328
0.225326 163
1.294702 396
0.275621 142
0.213258 374
0.189791 148
0.218342 96
0.242766 95
0.769269 396
0.145388 163
0.217683 143
0.201087 374
0.185155 136
0.166163 95
0.176947 93
0.183536 125
0.188327 359
0.171697 125
0.185315 93
0.190517 124
0.590558 250
0.208625 8
0.190318 8
0.199652 8
0.925021 256
0.225861 8
0.376222 256
0.252300 8
0.263520 8
0.191088 8
0.210029 255
0.197734 8
0.180253 147
0.181471 252
0.200553 169
0.189929 358
0.175087 171
0.181744 141
0.197488 133
0.416356 251
0.219464 8
0.185127 8
0.768548 256
0.188932 8
0.221082 8
1.281280 256
0.308980 251
0.318661 123
0.487037 367
0.303361 116
0.770283 251
0.621496 8
0.214759 328
0.210430 146
0.200382 159
0.181612 162
0.209668 152
0.194121 391
0.200877 169
0.206851 95
0.717103 251
0.364513 8
0.221075 8
0.199744 8
0.215159 256
0.198164 8
0.462385 8
0.216024 256
0.202302 8
0.186462 8
0.675156 256
1.513077 256
0.345791 93
0.329146 356
1.357760 359
0.270792 126
0.229018 353
0.165900 92
0.231338 152
0.203009 89
0.204301 87
0.185074 318
0.250711 109
0.934159 251
0.429059 412
0.365343 48
0.944797 116
0.260983 256
0.055977 2
1.508528 536
0.000110 304
0.042005 274
0.392656 251
2.002842 251
1.871414 1
0.128683 251
0.029822 1
0.157872 1
0.063567 1
0.501443 1
0.033248 1
0.033140 1
0.033911 1
0.034301 1
0.031868 1
0.033351 1
0.033387 1
0.033387 1
0.033242 1
0.032378 1
0.033563 1
0.032768 1
0.033918 1
0.033926 1
0.033810 1
0.032292 1
0.093850 4
0.500997 4
0.032610 4
0.034208 4
0.032783 4
0.020545 251
0.013105 4
0.033005 4
0.033158 4
0.033341 4
0.033310 4
0.033691 4
0.032732 4
0.032920 4
0.033016 4
0.032654 4
0.033421 4
0.032972 4
0.033402 4
0.033271 4
0.032848 4
0.033780 4
1.214629 48
0.273021 251
2.000970 251
2.002241 251
2.002552 251
1.998388 251
1.739821 32
0.260320 250
1.963047 84
0.015326 274
1.675223 1
0.193277 1
0.152517 251
0.184442 1
0.749497 4
0.186450 4
0.192197 4
0.687958 251
0.620936 29
0.848951 61
0.105357 38
0.217689 15
0.093063 15
0.112834 251
0.371306 66
1.630092 250
0.205320 78
0.032701 23
1.762207 251
0.640024 1
0.227306 1
0.351410 1
0.737467 4
0.044933 251
0.138639 4
0.173885 4
1.686040 251
2.002323 251
2.001360 251
2.002269 251
2.000557 251
0.716900 4095
0.000064 4095
0.000019 83
0.000202 4095
0.000028 4095
0.000016 169
0.042843 4095
0.000048 4095
0.000014 62
0.000069 4095
0.000029 45
0.000105 4095
0.000022 124
0.000013 21
0.001563 4095
0.000080 808
0.000788 170
0.183127 945
0.029883 170
0.314186 190
0.028786 170
0.681152 251
1.145058 30
0.857634 251
0.076495 98
0.999447 2
0.921610 253
0.769617 1184
0.000253 515
0.040488 300
0.018204 274
1.173977 251
0.693663 790
0.849407 501
0.456686 251
0.089175 616
1.336747 861
0.577041 251
0.957370 892
1.040649 251
0.860671 852
1.141645 251
0.035649 633
1.414886 898
0.544829 886
0.226987 710
0.245224 789
0.196504 729
0.161210 949
0.162318 673
0.179737 684
0.170141 607
0.180718 509
0.171935 731
0.171770 276
0.196826 599
0.194875 692
0.195607 750
0.179182 663
0.173125 841
0.176243 569
0.161475 456
0.861405 251
0.120773 491
0.961523 332
0.412537 147
0.181648 356
0.185679 196
0.185113 162
0.187583 99
0.176763 117
0.245594 130
0.257024 377
1.085743 251
1.157308 332
0.233663 139
0.207177 168
0.400786 251
1.998311 251
2.002645 251
0.984817 359
0.265513 122
0.186660 134
0.203373 138
0.164697 332
0.180314 195
0.185995 163
0.170979 136
0.194500 162
0.189561 381
0.180696 155
0.174585 128
0.336934 208
0.581036 251
0.604604 154
0.285169 364
0.327272 121
0.252290 150
0.529067 251
0.406370 145
0.273805 389
0.219594 99
0.201819 147
0.182268 133
0.179360 152
0.211518 151
0.173045 390
0.174686 155
0.200637 116
0.175057 100
0.176336 163
0.170893 393
0.188704 101
0.168888 100
0.189507 146
0.179779 153
0.197163 101
0.165242 333
0.134965 408
1.089140 30
0.945164 251
2.002329 251
2.002666 251
2.002590 251
2.002693 251
1.998380 251
2.002630 251
2.002554 251
1.998557 251
2.000806 251
2.002164 251
2.002713 251
1.998332 251
2.002684 251
2.000923 251
2.002398 251
2.002400 251
2.001816 251
2.002522 251
2.001341 251
2.002737 251
2.002464 251
2.002518 251
2.001407 251
2.002522 251
2.001349 251
2.002494 251
2.002529 251
2.001620 251
0.618547 32
1.385876 250
0.678262 1092
0.000525 849
0.054682 274
1.269773 251
1.092412 790
0.909568 251
0.067244 501
0.948379 857
0.985674 251
0.043631 620
1.216662 892
0.737300 251
0.860957 852
1.140873 251
1.128268 879
0.873366 251
1.214938 898
0.789178 251
0.741508 886
1.231390 948
1.296629 1030
0.732988 251
1.211553 251
0.500797 256
0.034950 8
0.033147 8
0.032875 8
0.033261 8
0.033780 8
0.032384 8
0.033330 8
0.033458 127
0.033292 156
0.033786 181
0.033722 193
0.477283 8
0.253168 256
0.258971 8
0.334986 8
0.499081 256
0.033614 8
0.036301 172
0.033071 126
0.032117 127
0.033361 181
0.295063 181
0.334046 375
0.453334 153
0.244928 182
0.236652 448
0.188863 189
0.214241 163
0.209974 190
0.201726 222
0.192520 374
0.200689 155
0.205618 162
0.202353 151
0.749517 256
0.335165 189
0.377924 403
0.281241 188
0.273391 192
0.237892 197
0.224962 416
0.222742 128
0.240965 171
0.280583 159
0.254286 394
0.403795 128
0.314633 8
0.203791 256
0.234286 8
0.603203 2086
0.018300 170
0.155043 943
0.018969 170
0.148272 186
0.018127 170
1.153018 256
2.002544 256
0.411130 408
0.281260 30
0.334558 32
0.977745 250
0.735873 855
0.000089 185
0.066391 274
0.550121 30
0.648932 251
1.522469 251
0.476744 251
0.110004 588
0.765598 786
0.251367 665
0.160934 683
0.165210 672
0.158684 912
0.153656 583
0.191780 548
0.193327 476
0.776870 599
0.559968 352
0.513301 250
0.038077 505
1.236211 354
0.260634 142
0.268010 331
0.499139 146
0.034464 122
0.033037 195
0.033663 161
0.032917 98
0.154331 116
0.438548 362
0.568451 376
0.209722 98
0.187077 138
0.161222 167
1.846179 251
1.998491 251
2.000792 251
0.718294 669
1.247086 8
0.032586 251
0.982791 68
1.016467 256
2.002647 256
2.000830 256
2.001458 256
2.002516 256
1.996520 256
2.000560 256
2.001515 256
1.517531 28
0.480853 256
2.002478 256
1.318219 2
0.681164 253
1.058727 459
0.000612 587
0.000342 379
0.000357 407
0.000474 443
0.000407 338
0.000256 451
0.067295 274
0.873351 251
2.000806 251
2.002181 251
2.000660 251
2.002252 251
2.001723 251
1.998275 251
2.002665 251
2.001073 251
2.002375 251
2.000713 251
2.002601 251
1.998242 251
2.002519 251
0.346125 28
1.453709 96
0.200770 256
0.364947 2
1.638051 253
0.475424 466
0.000383 867
0.057116 23
1.468894 251
0.889603 933
0.877670 879
0.508802 705
0.388512 925
0.489078 667
0.845291 251
0.382383 420
0.481256 547
0.507407 613
0.629261 250
0.775887 782
0.604029 1
0.246794 1
0.160492 1
0.212606 251
0.002222 1
0.136093 1
0.259030 1
0.169095 1
0.134476 1
0.204146 1
0.153819 1
0.175012 1
0.769135 251
0.105997 4
0.499666 4
0.036792 4
0.033100 4
0.032893 4
0.033066 4
0.031668 4
0.034256 4
0.032220 4
0.033206 4
0.033329 4
1.097066 251
0.567043 1
0.348787 29
1.084930 251
1.578266 32
0.424929 250
1.304278 899
0.000139 434
0.056631 274
0.636935 251
0.702586 251
1.033621 933
0.724982 638
0.357635 956
0.407878 678
0.772720 251
0.536895 667
0.677556 661
0.521909 782
2.266727 251
2.001175 251
2.002371 251
2.001346 251
2.002300 251
2.002569 251
2.000737 251
2.002502 251
2.000541 251
2.000737 251
2.001561 251
1.909367 28
0.092721 251
0.440029 96
0.242296 2
1.317724 253
0.255530 525
0.000034 434
0.057348 23
1.032759 251
0.483042 933
0.980097 879
0.400226 705
0.338747 949
0.895922 670
0.516626 956
0.821537 948
0.484620 670
0.632233 936
1.101011 251
0.057289 670
0.787943 956
1.157787 251
0.168827 591
1.833317 251
0.260636 133
0.500027 369
0.034691 146
0.032612 143
0.033681 140
0.033302 152
0.033720 152
0.033406 148
0.033475 91
0.033696 90
0.032314 155
0.033165 144
0.273363 133
0.500137 369
0.036165 146
0.034309 143
0.033211 140
0.032638 152
0.033316 151
0.033122 148
0.034502 91
0.032523 90
0.491123 388
0.500623 144
0.032786 133
0.032678 136
0.033461 146
0.032914 143
0.033112 140
0.253022 385
0.435007 152
0.165281 148
0.169716 91
0.216404 4095
0.000048 4095
0.000013 81
0.000033 4095
0.000009 44
0.000186 4095
0.000008 122
0.000684 4095
0.000018 4095
0.000011 61
0.000073 4095
0.000010 241
0.000011 20
0.015508 169
0.119222 323
0.039179 946
0.018233 169
0.152997 155
0.000997 189
0.017831 170
0.153441 144
0.157203 133
0.588723 369
0.203802 146
0.165254 143
0.158778 140
0.161577 152
0.165350 385
0.166522 148
0.152904 91
0.160887 90
0.169723 155
0.162660 144
0.174942 366
0.159064 136
0.159618 146
0.151053 143
0.149789 140
0.500387 385
0.036710 152
0.033190 148
0.032538 91
0.033568 90
0.032212 155
0.033425 144
0.033314 133
0.032377 136
0.033178 145
0.033447 142
0.032178 139
0.033370 151
0.033267 151
0.032819 147
0.032962 89
0.033460 87
0.035482 85
0.033882 109
0.200342 251
1.642376 251
0.385585 211
1.156880 4095
0.000060 992
1.027255 251
0.580869 552
1.000515 1
0.126343 1
0.121398 1
0.243336 1
0.110736 1
0.041079 251
0.065904 1
0.173422 1
0.087464 1
0.079193 1
0.184574 1
0.055239 1
0.693471 1
0.150512 1
0.206796 1
0.304837 251
0.037634 1
0.403449 4
0.500850 4
0.032489 4
0.033609 4
0.034089 4
0.033892 4
0.033071 4
0.033877 4
0.034924 4
0.031748 4
0.032806 4
0.032526 4
0.033834 4
0.032225 4
0.032756 4
0.532921 1
0.093049 251
0.099927 1
0.115527 1
0.101603 1
0.167124 1
0.275681 1
0.187351 1
0.151567 1
0.153645 1
0.095323 1
0.228339 1
0.424437 251
0.916805 1
0.172207 1
0.071366 1
0.837537 251
0.851868 4
0.163881 4
0.162852 4
0.123306 1
0.072392 1
0.097774 1
0.093344 1
0.128444 1
0.079141 1
0.152234 1
0.076536 251
0.118212 4
0.499290 4
0.032795 4
0.033049 4
0.033309 4
0.035643 4
0.032268 4
0.032859 4
0.033313 4
0.033168 4
0.033288 4
0.033449 4
0.032551 4
0.033401 4
0.033208 4
0.033996 4
0.033996 4
0.033114 4
0.850177 251
2.000930 251
2.002597 251
1.998278 251
2.002323 251
2.002481 251
1.734279 33
0.264771 251
0.375883 32
1.583986 455
0.040369 250
0.027049 23
1.975503 251
1.008112 33
0.020879 19
0.973132 251
0.662338 21
1.336739 251
2.002535 251
1.899203 316
1.334130 897
0.038453 170
0.231389 136
0.019953 170
0.025157 162
0.034383 170
0.421725 251
2.002329 251
0.780242 1092
0.018066 170
0.209482 941
0.021453 170
0.259992 182
0.040938 170
0.255474 871
0.020258 170
0.269905 154
0.020454 170
0.105045 251
2.003533 251
0.274496 25
0.519233 113
0.003951 170
0.613441 32
0.594243 250
0.453837 4095
0.000048 896
0.000423 149
0.076184 193
0.000297 250
0.010143 207
0.545374 320
0.060954 274
0.855646 251
2.004792 251
0.181484 1
0.226710 1
0.104986 1
0.286785 1
0.104014 1
0.096571 1
0.180255 1
0.112799 1
0.087468 1
0.189616 1
0.061119 1
0.372032 251
0.642595 316
0.708109 29
0.653151 251
0.291932 46
0.086276 15
0.074792 69
0.130848 15
1.007658 127
0.412225 256
0.264965 2
1.664812 112
0.053423 279
1.937038 1
0.087929 256
0.134511 1
0.345483 1
0.984843 1
0.197750 1
0.181356 1
0.131337 1
0.028978 256
0.065625 1
0.252724 1
0.168847 1
0.112091 1
0.290388 1
0.377951 4
0.437886 1
0.140636 1
0.131445 1
0.025649 256
0.303175 1
0.426722 1
0.096166 1
0.170654 1
0.102495 1
0.237940 1
0.149992 1
0.207130 1
0.153647 1
0.150340 1
0.005549 256
0.189544 1
0.238557 1
0.741404 4
0.500076 4
0.032888 4
0.032499 4
0.032412 4
0.034135 4
0.033283 4
0.032095 4
0.033234 4
0.033251 4
0.033473 4
0.033222 4
0.004134 256
0.029047 4
0.032954 4
0.032582 4
0.033752 4
0.033958 4
0.034278 4
0.032625 4
0.032757 4
0.033409 4
0.033224 4
0.033265 4
0.033039 4
0.033550 4
0.033707 4
0.549398 1
0.124409 1
0.089868 1
0.105312 1
0.138545 1
0.089893 1
0.098814 1
0.247873 1
0.084514 1
0.013632 256
0.116633 1
0.160234 1
0.633614 1
0.127269 1
0.168550 1
0.093349 1
0.201898 1
0.154995 1
0.078515 1
0.130636 1
0.093035 1
0.045708 256
0.289424 1
0.269400 1
0.281745 1
0.295382 1
0.503013 4
0.364180 256
0.136813 4
0.036087 4
0.032807 4
0.034347 4
0.032770 4
0.032868 4
0.033945 4
0.032696 4
0.033421 4
0.033194 4
0.033760 4
0.032222 4
0.032905 4
0.034369 4
0.035849 4
0.033111 4
0.033150 4
0.032714 4
0.032041 4
0.034728 4
0.032951 4
0.033171 4
0.032877 4
1.131592 256
2.003286 256
0.014123 1
0.203121 1
0.092741 1
0.149055 1
0.497971 10
0.002311 33
0.002630 182
0.000955 253
0.025104 196
0.000016 8
0.522450 1
0.203304 3
0.123726 1
0.093421 1
0.073806 255
0.617548 10
0.002619 253
0.017721 4095
0.000055 1687
0.016830 189
0.444936 1
0.210951 3
0.076487 1
0.150607 1
0.160891 39
0.002364 250
0.013165 94
0.000070 10
0.000418 183
0.000119 84
0.008631 182
0.000083 15
0.217165 1
0.287431 3
0.141359 1
0.111746 1
0.415173 7
0.000102 11
0.001860 18
